tree
version=v4
num_class=1
num_tree_per_iteration=1
label_index=0
max_feature_idx=21
objective=binary sigmoid:1
feature_names=ofi_1bar ofi_3bar cvd_1bar cvd_3bar cvd_slope_5bar obi_1bar microprice_drift aggressive_ratio vpin_12bar return_1 return_3 return_6 realized_vol_12 autocorr_6 hl_range_zscore rsi_14 bb_pctb_20 stoch_k_14 donchian_pos_20 regime_p_trending regime_p_ranging regime_p_highvol
feature_infos=[-7.7603907585144043:6.7586688995361328] [-7.4259853363037109:6.6460137367248535] [-6.5324163436889648:6.1687412261962891] [-6.4599370956420898:5.3255586624145508] [-6.4517068862915039:5.3163771629333496] [-8.5087471008300781:6.4737815856933594] [-7.8041200637817383:7.1215658187866211] [-3.8416728973388672:3.8008644580841064] [-4.1440129280090332:3.9041426181793213] [-7.8005962371826172:7.1107091903686523] [-6.4764113426208496:5.3216838836669922] [-5.6332545280456543:4.0022869110107422] [-2.5782783031463623:7.6057033538818359] [-2.7229933738708496:3.5342307090759277] [-2.0655057430267334:3.2326273918151855] [-3.6791515350341797:2.7477712631225586] [-4.9939804077148438:3.4198684692382812] [-3.2937347888946533:2.8448624610900879] [-4.7539067268371582:3.2921955585479736] [-4.9876828193664551:9.8987617492675781] [-9.7149467468261719:9.8999547958374023] [-9.8100719451904297:9.8992996215820312]
tree_sizes=2328 2362 2153 1826 2467 2258 2379 2262 2147 2049 2166

Tree=0
num_leaves=21
num_cat=0
split_feature=19 8 12 6 19 16 11 21 8 0 8 0 15 16 12 8 0 19 4 0
split_gain=17.3977 15.9118 12.7764 11.7707 13.923 9.77275 9.74174 10.3506 15.1707 9.17976 14.113 13.8738 11.7442 11.0118 9.33883 8.95432 8.6025 7.12363 3.28529 2.79647
threshold=0.84286096692085277 0.64551433920860302 0.62524235248565685 -0.3752369880676269 1.5718092918395998 -0.053107900545001023 1.3096660971641543 0.39208810031414038 0.74652457237243663 0.69008341431617748 -0.83870252966880787 -0.32137973606586451 -0.16989101469516751 -0.53057780861854542 -0.71142765879631031 0.028700618073344234 1.0420342087745669 2.3820177316665654 0.045211279764771468 0.051378767937421806
decision_type=2 2 2 2 2 2 2 2 2 2 2 2 2 2 2 2 2 2 8 2
left_child=6 3 17 -2 15 -6 9 8 -8 10 14 -12 13 -11 -1 -5 -14 18 -3 -9
right_child=1 2 -4 4 5 -7 7 19 -10 12 11 -13 16 -15 -16 -17 -18 -19 -20 -21
leaf_value=-0.30390289928405023 -0.26999772127446037 -0.2962259378074949 -0.24548519153013765 -0.27479119447874567 -0.29181390056216566 -0.32227367448186156 -0.34442065920857412 -0.30162852688336345 -0.29528174051830375 -0.28609318835604292 -0.28923188352627377 -0.30030099446786424 -0.26289574130994492 -0.31502769886529852 -0.28224368699838398 -0.3031582498302296 -0.28481453502138543 -0.26047148929220693 -0.27650304353588551 -0.27983871980648051
leaf_weight=20.97138674557209 23.116505980491638 14.551736500114204 14.7401757389307 33.312925472855568 18.211085796356201 19.772910729050636 11.687957081943752 11.425096932798626 10.954002320766447 40.441692538559437 161.28600506111979 276.81561075523496 26.821841560304165 16.736707337200642 122.9872777312994 14.319916263222693 40.370747238397598 14.658688448369501 15.913442742079495 9.8890148773789388
leaf_count=96 73 52 43 139 73 98 55 51 45 131 587 954 100 65 418 55 163 64 53 51
internal_value=-0.290863 -0.282155 -0.269734 -0.288994 -0.294122 -0.30767 -0.29282 -0.306523 -0.320648 -0.291967 -0.293548 -0.296226 -0.284569 -0.294563 -0.285399 -0.283319 -0.276065 -0.277655 -0.285924 -0.291519
internal_weight=918.985 168.597 59.864 108.733 85.6168 37.984 750.387 43.9561 22.642 706.431 582.06 438.102 124.371 57.1784 143.959 47.6328 67.1926 45.1239 30.4652 21.3141
internal_count=3366 650 212 438 365 171 2716 202 100 2514 2055 1541 459 196 514 194 263 169 105 102
is_linear=0
shrinkage=1


Tree=1
num_leaves=21
num_cat=0
split_feature=19 8 12 2 6 19 8 15 0 2 21 2 1 1 15 2 15 5 8 14
split_gain=16.2933 14.8503 11.8498 11.1597 11.0034 13.0758 10.6673 14.4677 14.1645 10.6323 9.39886 12.8065 9.3114 13.9161 9.04018 7.41779 8.10067 10.9988 6.68364 5.48962
threshold=0.84286096692085277 0.64551433920860302 0.62524235248565685 -0.71264448761939991 -0.3752369880676269 1.5718092918395998 -0.83870252966880787 -1.616710841655731 0.59762653708457958 0.10382191464304925 1.0000000180025095e-35 0.17525048553943637 -0.54349204897880543 0.46717941761016851 0.33638419210910803 -2.6455640792846675 -1.4563102126121519 0.16016410291194919 -1.325697600841522 -0.34748187661170954
decision_type=2 2 2 2 2 2 2 2 2 2 2 2 2 2 2 2 2 2 2 2
left_child=3 4 12 15 -2 9 10 19 -9 -6 11 -5 -3 -14 -7 -1 -17 -18 -12 -8
right_child=1 2 -4 6 5 14 7 8 -10 -11 18 -13 13 -15 -16 16 17 -19 -20 -21
leaf_value=-0.0013127451333745062 0.028382360106912852 0.040607201722481494 0.051893429625003061 0.015529537020484719 -0.0027037308931704379 0.0034645106165023154 -0.030628137380125486 0.0010943684052766918 0.014624932460498287 0.026528078388206946 0.010528629849140854 -0.0059373493588274814 -0.0060965211856393786 0.034785432028996546 -0.026676273652704044 0.034772713899195555 0.024566683959186597 0.0033371526454482872 0.031526275117170204 -0.005345023196723718
leaf_weight=22.57045316696167 23.212743848562241 14.72134619951248 14.848114393651484 56.703172743320465 17.939218245446682 23.441514886915684 14.778308890759947 346.20854828134179 87.163335174322128 29.802531130611897 26.133497536182404 44.749998152256012 17.349502034485344 13.191476821899412 14.493050925433634 20.11269860714674 42.782993346452713 45.135286681354046 28.545446753501892 16.203235298395157
leaf_count=61 73 57 43 210 83 100 60 1306 353 111 99 168 64 48 71 49 114 126 116 54
internal_value=0.00825216 0.0166683 0.0286375 0.00635847 0.0100609 0.00509702 0.00468078 0.00239989 0.00381575 0.0155441 0.0114644 0.0060607 0.0210085 0.0115615 -0.0080509 0.0143291 0.0175971 0.0136679 0.0214906 -0.0174052
internal_weight=920.086 168.999 60.1104 751.087 108.889 85.6763 620.486 464.353 433.372 47.7417 156.132 101.453 45.2623 30.541 37.9346 130.601 108.031 87.9183 54.6789 30.9815
internal_count=3366 650 212 2716 438 365 2366 1773 1659 194 593 378 169 112 171 350 289 240 215 114
is_linear=0
shrinkage=0.03


Tree=2
num_leaves=19
num_cat=0
split_feature=19 11 8 19 2 8 15 19 6 21 2 16 8 2 15 5 8 17
split_gain=15.2724 14.0381 11.3747 11.2708 10.4619 10.0106 13.6375 11.4523 9.9296 8.79601 12.023 8.14716 8.02019 6.94907 7.55246 10.2881 6.23486 3.81438
threshold=0.84286096692085277 -0.63625371456146229 0.60766583681106578 1.5718092918395998 -0.71264448761939991 -0.83870252966880787 -1.616710841655731 -1.3547289371490476 -0.16626939922571179 1.0000000180025095e-35 0.17525048553943637 0.54216697812080394 -0.49655249714851374 -2.6455640792846675 -1.4563102126121519 0.16016410291194919 -1.325697600841522 -1.5390227437019346
decision_type=2 2 2 2 2 2 2 2 2 2 2 2 2 2 2 2 2 2
left_child=4 -2 3 12 13 9 17 -8 -5 10 -6 -4 -3 -1 -15 -16 -11 -7
right_child=1 2 11 8 5 6 7 -9 -10 16 -12 -13 -14 14 15 -17 -18 -19
leaf_value=-0.001273609640476851 0.034736498795613913 0.027451619167593408 0.037513728081123063 0.013157603535201524 0.015030745662382695 -0.0055460091824529861 0.030583626345973034 0.0028150118057529614 -0.017507751204379401 0.010197611589805547 -0.0057642628708695284 0.012132325925757359 0.0041692329264336166 0.033567160352215228 0.023747239459496607 0.0032354578459185324 0.030449934628820438 -0.026689365704832636
leaf_weight=22.566142082214355 30.036097139120102 25.268732935190201 22.059022285044193 15.347331218421457 56.825391136109829 14.263668991625311 13.806432157754896 419.79854407534003 24.957717530429363 26.171745270490646 44.711517348885536 23.515431329607964 28.150562219321728 20.208471141755581 42.929224841296673 45.157005593180656 28.665924966335297 16.635376565158367
leaf_count=61 95 98 80 54 210 52 39 1620 120 99 168 90 113 49 114 126 116 62
internal_value=0.00799543 0.0161348 0.0121238 0.00614584 0.00616199 0.00453721 0.00232699 0.00369919 -0.00583102 0.0111026 0.00587372 0.0244175 0.0151824 0.0138709 0.0170266 0.013232 0.0207843 -0.0169291
internal_weight=921.074 169.335 139.299 93.7243 751.739 620.879 464.504 433.605 40.305 156.375 101.537 45.5745 53.4193 130.861 108.295 88.0862 54.8377 30.899
internal_count=3366 650 555 385 2716 2366 1773 1659 174 593 378 170 211 350 289 240 215 114
is_linear=0
shrinkage=0.03


Tree=3
num_leaves=16
num_cat=0
split_feature=19 12 16 2 19 4 6 20 7 7 15 2 5 5 7
split_gain=14.3215 13.5792 18.9225 9.81239 9.07826 8.8412 9.10893 9.06117 8.71152 12.5009 10.98 8.0254 6.66083 14.5147 10.1637
threshold=0.84286096692085277 0.16904722899198535 0.55455523729324352 -0.71264448761939991 -1.1834521293640134 1.0253551006317141 -0.3752369880676269 -0.61395853757858265 0.31719061732292181 0.24385239928960803 -0.32951733469963068 0.29282030463218695 0.84922751784324657 0.45206950604915624 -0.37135314941406244
decision_type=2 2 2 2 2 8 2 2 2 2 2 2 2 2 2
left_child=3 5 -3 12 11 6 -2 -8 9 -6 -10 -5 13 14 -1
right_child=1 2 -4 4 8 -7 7 -9 10 -11 -12 -13 -14 -15 -16
leaf_value=0.010123836707258345 0.024830883402475055 0.044188422045628332 0.004795403338810786 0.0070720434338860435 0.0050092871428992361 0.03900156448699621 -0.0055400752655375375 0.01344590065239757 -0.0094050500003023795 0.028662506697044388 0.0041610642229756084 0.036307015555696105 0.030059375599805444 -0.010085554807963819 0.033058995231905537
leaf_weight=64.859998464584351 23.342157959938049 29.189655225723982 17.586431045085192 20.202528208494186 338.9412932433188 9.0042765066027624 45.927733451128006 44.58642403036356 87.697798132896423 21.378008510917425 138.48672592267394 14.528212875127791 18.603147000074387 23.865608252584934 23.759857378900051
leaf_count=178 76 83 71 72 1276 38 193 189 336 69 572 41 49 66 57
internal_value=0.00774767 0.0156218 0.0293778 0.00597218 0.00439834 0.0103845 0.00812136 0.00381224 0.00351584 0.00641265 -0.00109888 0.0193013 0.0134307 0.0106806 0.016273
internal_weight=921.96 169.637 46.7761 752.323 621.235 122.861 113.856 90.5142 586.504 360.319 226.185 34.7307 131.089 112.485 88.6199
internal_count=3366 650 154 2716 2366 496 458 382 2253 1345 908 113 350 301 235
is_linear=0
shrinkage=0.03


Tree=4
num_leaves=22
num_cat=0
split_feature=19 15 8 16 10 16 20 2 21 0 20 8 3 1 2 2 15 5 1 10 7
split_gain=13.4354 13.0299 9.57667 13.0887 9.41958 22.7508 14.0921 11.2709 13.5428 9.78645 9.0981 10.3366 8.43839 7.98089 7.96857 11.5592 8.57535 7.97853 5.91698 5.2081 3.19364
threshold=0.84286096692085277 0.040524411946535117 0.16600737720727923 0.59844133257865917 0.076836448162794127 0.18062485754489901 1.5521976947784426 0.076538354158401503 0.41997639834880834 0.15875669568777087 -0.81233051419258107 0.45666867494583135 0.76743233203887951 -0.48805531859397883 -3.4218336343765254 -0.73642194271087635 -1.616710841655731 0.45206950604915624 0.5458178222179414 0.36452236771583563 -0.23786521703004834
decision_type=2 2 2 2 2 2 2 2 2 2 2 2 2 2 2 2 2 2 2 2 2
left_child=4 10 3 -3 14 7 12 9 -9 -6 11 -2 -7 -4 -1 17 -17 -16 -15 -5 -12
right_child=1 2 13 19 5 6 -8 8 -10 -11 20 -13 -14 18 15 16 -18 -19 -20 -21 -22
leaf_value=-0.014431496793837768 0.022562028086159331 -0.02307065870020817 0.033515723879237465 0.021213205179975811 0.012278782168288878 0.00099029793486989722 0.038260024044364647 -0.028836142293431757 0.0022600995068192626 -0.017655459836854379 0.0033345988558420351 0.054559086608243906 0.015265763303530036 -0.0022617788440368455 0.0251520681079343 -0.0061171781104491195 0.008334192573172217 0.0067832613608077696 0.023414786686832438 -0.0055406537578325723 0.021285260584711235
leaf_weight=13.349965453147886 24.229648306965828 17.052152335643768 16.83922117203474 16.272344790399078 27.610815554857254 118.42431212216616 12.670728027820585 38.702040739357471 18.692860580980778 15.263227574527262 15.447183854877947 14.53904704749584 54.379312388598919 19.836409263312817 59.222293317317963 41.787493161857128 319.57720949500799 33.218747764825821 13.625707514584063 10.958874650299547 21.110355526208878
leaf_count=35 90 69 67 83 93 521 37 146 71 54 53 41 190 76 155 149 1175 90 51 49 71
internal_value=0.00750792 0.0151278 0.00771394 -0.00245996 0.0057883 0.00149777 0.00772182 -0.0100153 -0.0187085 0.00162214 0.0244371 0.0345616 0.00548262 0.0166707 0.00841268 0.0090847 0.00666306 0.0185512 0.00819367 0.0104464 0.0137003
internal_weight=922.81 169.911 94.5847 44.2834 752.899 285.743 185.474 100.269 57.3949 42.874 75.3262 38.7687 172.804 50.3013 467.156 453.806 361.365 92.441 33.4621 27.2312 36.5575
internal_count=3366 650 395 201 2716 1112 748 364 217 147 255 131 711 194 1604 1569 1324 245 127 132 124
is_linear=0
shrinkage=0.03


Tree=5
num_leaves=20
num_cat=0
split_feature=19 11 8 19 6 11 21 8 2 8 19 20 11 18 14 8 20 1 0
split_gain=12.6114 12.4673 9.97496 10.429 9.27287 9.27227 9.55997 14.1787 8.55514 10.2231 13.3015 10.42 7.81215 9.22317 7.73927 7.49452 6.54693 3.04272 2.60884
threshold=0.84286096692085277 -0.63625371456146229 0.64551433920860302 1.5718092918395998 -0.16626939922571179 1.3096660971641543 0.39208810031414038 0.74652457237243663 -0.73642194271087635 -0.83870252966880787 -1.2692266106605528 -0.14690038561820981 -0.20391772687435147 -0.53665316104888905 0.63720533251762401 -0.49655249714851374 -1.0148393511772154 -0.18167805671691892 0.051378767937421806
decision_type=2 2 2 2 2 2 2 2 2 2 2 2 2 2 2 2 2 2 2
left_child=5 -2 3 15 -5 8 7 -7 12 11 -11 -10 13 -1 -14 -3 -4 -18 -8
right_child=1 2 16 4 -6 6 18 -9 9 10 -12 -13 14 -15 -16 -17 17 -19 -20
leaf_value=0.013917742767450758 0.03211351396321005 0.025821684733066393 0.037410220097498441 0.012096381499481173 -0.01750432344613809 -0.044419273106588407 -0.0031316402217512343 0.0030800898791831822 0.022769678560425007 0.030453124453459806 0.0016052697184512305 0.0059907387584599743 0.010176512915383412 -0.0092022462832071217 0.035900274544592756 0.0035242135088835213 0.024243217482152767 0.0045288784633733641 0.017855589165108991
leaf_weight=62.916897013783455 30.260366275906563 25.408449150621891 16.691986076533794 15.407377600669859 24.946452096104622 11.637895770370962 11.471888199448587 11.003506697714327 50.559878535568714 14.894953310489653 420.36097426339984 97.635673455893993 19.548589929938316 20.618102073669434 22.807068526744843 29.109777264297009 13.202990561723711 15.10923198610544 9.9576661512255651
leaf_count=162 95 98 59 54 120 55 51 45 188 43 1584 364 53 63 57 115 52 57 51
internal_value=0.00727639 0.0146536 0.0108763 0.00535859 -0.00620256 0.00561046 -0.00774163 -0.021335 0.00644002 0.00490963 0.00259248 0.0117152 0.0135327 0.00821127 0.0240279 0.013916 0.0225082 0.0137224 0.00662049
internal_weight=923.55 170.137 139.876 94.8721 40.3538 753.413 44.071 22.6414 709.342 583.451 435.256 148.196 125.891 83.535 42.3557 54.5182 45.0042 28.3122 21.4296
internal_count=3366 650 555 387 174 2716 202 100 2514 2179 1627 552 335 225 110 213 168 109 102
is_linear=0
shrinkage=0.03


Tree=6
num_leaves=21
num_cat=0
split_feature=19 12 18 10 18 14 19 12 12 8 4 6 20 12 6 13 0 6 0 4
split_gain=11.8452 12.002 10.4953 8.72954 15.2386 12.7294 12.3146 9.73431 19.1871 8.36743 8.17709 8.39371 8.56721 8.00633 14.2205 12.6386 9.17311 13.0265 9.94365 5.10739
threshold=0.84286096692085277 0.16904722899198535 0.56439256668090831 0.076836448162794127 -0.11186815425753592 -0.1371141970157623 -0.061803704127669327 0.41631898283958441 1.3890957832336428 -0.56106027960777272 1.0253551006317141 -0.3752369880676269 -0.61395853757858265 -0.7978033423423766 -0.61380824446678151 0.44122992455959326 -0.34020584821701044 0.36321508884429937 0.69008341431617748 -0.012441609986126421
decision_type=2 2 2 2 2 2 2 2 2 2 8 2 2 2 2 10 2 2 2 10
left_child=3 10 -3 13 7 6 -6 9 -9 -5 11 -2 -13 14 -1 -16 17 -15 -18 -7
right_child=1 2 -4 4 5 19 -8 8 -10 -11 -12 12 -14 16 15 -17 18 -19 -20 -21
leaf_value=0.028712890114655099 0.023098034771909751 0.038849753373985454 0.010010886792608654 -0.0057144521403539924 0.0062903088381816522 0.026604468344830819 -0.015281791075857408 0.023703426002821201 -0.015627296391424988 -0.031884784655843941 0.036703036208108643 -0.0061238363543718666 0.012312521397396909 0.011962428299845961 0.0028840272325918394 -0.023732805642155005 0.0041891978624402169 0.03819825356972352 0.01825708743003478 0.010150226987885615
leaf_weight=13.19357370585203 23.461284384131432 27.856898583471775 19.175307340919971 21.656701311469078 70.242896430194378 22.746244445443153 36.034046582877636 19.121963292360306 26.820947267115116 22.33590491861105 9.0660929009318334 46.001197285950184 44.754449158906937 78.391091957688332 54.245785944163799 22.805701546370983 220.70192143321037 21.760739639401436 56.872766345739365 66.949648931622505
leaf_count=38 76 77 77 77 337 68 186 66 86 79 38 193 189 280 210 104 724 58 190 213
internal_value=0.0070528 0.0141983 0.027092 0.00543849 0.00130838 0.00600027 -0.00102388 -0.00891544 0.000742599 -0.0190016 0.00927945 0.00710268 0.00296771 0.0079618 -6.61679e-05 -0.00499402 0.00987981 0.0176629 0.00707159 0.0143229
internal_weight=924.195 170.315 47.0322 753.88 285.908 195.973 106.277 89.9355 45.9429 43.9926 123.283 114.217 90.7556 467.972 90.2451 77.0515 377.727 100.152 277.575 89.6959
internal_count=3366 650 154 2716 1112 804 523 308 152 156 496 458 382 1604 352 314 1252 338 914 281
is_linear=0
shrinkage=0.03


Tree=7
num_leaves=20
num_cat=0
split_feature=19 15 12 11 7 11 21 8 4 2 8 19 21 16 11 18 14 19 16
split_gain=11.1284 11.5394 10.2975 9.76992 10.3792 8.64779 8.99152 13.4674 7.86818 7.77025 9.53426 12.4031 9.85456 7.60048 7.34833 8.60498 7.07328 3.51397 2.28233
threshold=0.84286096692085277 0.040524411946535117 0.18410183489322665 -0.42140443623065943 0.63692969083786022 1.3096660971641543 0.39208810031414038 0.74652457237243663 0.12451205775141717 -0.73642194271087635 -0.83870252966880787 -1.2692266106605528 -0.13188216835260388 0.43891426920890814 -0.20391772687435147 -0.53665316104888905 0.63720533251762401 1.5013076066970827 1.2185960412025454
decision_type=2 2 2 2 2 2 2 2 10 2 2 2 2 2 2 2 2 2 2
left_child=5 2 8 -3 13 9 7 -7 17 14 12 -12 -11 -5 15 -1 -16 -2 -8
right_child=1 3 -4 4 -6 6 18 -9 -10 10 11 -13 -14 -15 16 -17 -18 -19 -20
leaf_value=0.013162433307659717 -0.0066018813980122295 0.032844212147086806 0.037453191287507862 -0.022591566785805175 0.021774870625749482 -0.043478732872047787 -0.0037655357792253882 0.0028872611679081018 0.029347968106640171 -0.0013222112824670365 0.029226726883267658 0.0014209375389337975 0.015956143738022444 0.0026849697589040457 0.0097401895444725016 -0.0091633861431271637 0.034294957741534515 0.01408562802771436 0.015809393900090677
leaf_weight=63.085292533040047 13.556019008159639 11.394304260611532 26.770596407353878 13.679407455027102 20.488596972078085 11.553294315934183 10.453245744109156 11.01172900944948 19.080958746373653 41.064438998699188 14.951005861163138 420.67463676258922 107.42445715516806 49.264955151826143 19.578735344111919 20.61456536501646 22.916395634412766 16.245236046612263 11.003587484359739
leaf_count=162 46 37 71 55 92 55 47 45 68 145 43 1584 407 211 53 63 57 70 55
internal_value=0.00683622 0.0137586 0.022497 0.00678717 0.00322861 0.00527175 -0.007631 -0.0208521 0.0143062 0.00607141 0.00461297 0.00237525 0.0111778 -0.00280826 0.012822 0.00766377 0.0229819 0.00467528 0.00627297
internal_weight=924.811 170.48 75.6528 94.8273 83.433 754.331 44.0219 22.565 48.8822 710.31 584.115 435.626 148.489 62.9444 126.195 83.6999 42.4951 29.8013 21.4568
internal_count=3366 650 255 395 358 2716 202 100 184 2514 2179 1627 552 266 335 225 110 116 102
is_linear=0
shrinkage=0.03


Tree=8
num_leaves=19
num_cat=0
split_feature=19 8 16 6 10 12 1 1 11 0 8 0 15 16 4 12 8 20
split_gain=10.4569 11.0637 9.31586 10.3249 10.72 8.87639 8.23003 12.8372 8.13654 7.81603 10.9157 12.2035 10.6806 9.46478 8.275 8.243 5.63841 12.5739
threshold=0.84286096692085277 0.64551433920860302 -0.7693951129913329 -0.3752369880676269 -0.23558144271373746 0.62524235248565685 -0.54349204897880543 0.46717941761016851 1.3096660971641543 0.69008341431617748 -0.83870252966880787 -0.32137973606586451 -0.16989101469516751 -0.53057780861854542 0.65088993310928356 -0.71142765879631031 0.86224466562271129 -0.252860277891159
decision_type=2 2 2 2 2 2 2 2 2 2 2 2 2 2 10 2 2 2
left_child=8 2 -2 -4 -5 6 -3 -8 9 10 15 -12 13 -11 -14 -1 17 -10
right_child=1 5 3 4 -6 -7 7 -9 16 12 11 -13 14 -15 -16 -17 -18 -19
leaf_value=-0.0057853556672468913 0.027628851961316342 0.03529871997519704 0.024753883505056161 -0.025141211331286672 0.0043386555803258666 0.043570845916219958 -0.0087190138817622078 0.030316967288665269 0.0016933942173575985 0.010969142205753428 0.0086110329417070398 -0.0017437230628050244 0.015028615330170234 -0.015816814198013267 0.039944993750704892 0.014501558762631908 0.0094371157965863917 -0.036960783430938775
leaf_weight=21.085176214575768 17.620873931795359 14.945476703345774 17.237023830413818 13.55608883500099 61.31451878324151 15.060467213392256 17.51427306607366 13.369837593287228 18.34160628169775 40.806746125221252 162.28294812142849 277.75895225256681 52.279724407941103 16.74392905831337 15.568447615951298 124.23646510392427 12.701487191021441 12.901374638080599
leaf_count=96 63 57 52 53 270 43 64 48 85 131 587 954 202 65 61 418 54 63
internal_value=0.00662715 0.0133345 0.00764372 0.00382041 -0.000998976 0.0235897 0.0170235 0.0081798 0.0051108 0.00588534 0.00442926 0.002075 0.0126824 0.00317597 0.0207459 0.0115581 -0.00741663 -0.0142683
internal_weight=925.325 170.619 109.729 92.1076 74.8706 60.8901 45.8296 30.8841 754.707 710.762 585.364 440.042 125.399 57.5507 67.8482 145.322 43.9445 31.243
internal_count=3366 650 438 375 323 212 169 112 2716 2514 2055 1541 459 196 263 514 202 148
is_linear=0
shrinkage=0.03


Tree=9
num_leaves=18
num_cat=0
split_feature=19 14 12 7 19 17 11 21 7 14 9 5 17 4 4 7 21
split_gain=9.83567 11.1796 13.4518 7.73577 15.8536 9.61392 17.3184 9.62498 9.38651 9.49065 10.6671 8.59011 7.69628 9.61287 6.0718 5.33959 2.93489
threshold=0.84286096692085277 -0.82339084148406971 0.59925383329391491 0.31719061732292181 -1.1834521293640134 0.82324638962745678 0.023572755046188835 -0.34300327301025385 0.24385239928960803 0.56969356536865245 -0.47811618447303766 -1.4473785161972044 -0.23429203778505323 0.50228148698806774 0.32771043479442602 -0.25801844894886011 -0.31812192499637598
decision_type=2 2 2 2 2 2 2 2 2 2 2 2 2 10 8 2 2
left_child=3 16 12 8 -5 6 -6 -7 9 11 -11 -1 15 -14 -4 -3 -2
right_child=1 2 14 4 5 7 -8 -9 -10 10 -12 -13 13 -15 -16 -17 -18
leaf_value=0.027324058774829837 -0.020602066977050075 0.01065417215237025 0.041229786507714791 0.028114086168573582 0.0015523863292756558 0.027056557329861609 -0.020108739611463838 0.0014685120299291734 0.02608769507125723 0.005021931277676704 0.020903532042179204 0.0024004596709810951 -0.001189549653472916 0.021426627411656372 0.014913753867939193 0.033637766392375576 0.0029294951155511683
leaf_weight=12.944882452487944 9.440304387360813 18.062488451600075 22.610215414315462 17.449010103940964 92.505622331053019 16.571372948586941 51.832271106541157 65.619822584092617 22.298530545085669 82.212231174111366 70.877669274806976 322.75249136611819 56.303581777960062 24.177794210612774 12.120824143290518 18.328806012868881 9.6424888931214792
leaf_count=53 50 62 67 52 350 60 202 296 72 221 204 1206 235 83 39 60 54
internal_value=0.0064251 0.0129289 0.0156529 0.00495488 0.000559942 -0.00156249 -0.0062262 0.00662757 0.0070529 0.00618453 0.0123748 0.00336154 0.0107814 0.00560468 0.0320457 0.0222301 -0.00871163
internal_weight=925.75 170.687 151.604 755.064 243.978 226.529 144.338 82.1912 511.086 488.787 153.09 335.697 116.873 80.4814 34.731 36.3913 19.0828
internal_count=3366 650 546 2716 960 908 552 356 1756 1684 425 1259 440 318 106 122 104
is_linear=0
shrinkage=0.03


Tree=10
num_leaves=19
num_cat=0
split_feature=19 14 12 10 16 13 20 16 3 2 2 12 5 17 3 19 13 13
split_gain=9.25008 10.5087 12.6566 7.96203 20.1751 12.5089 12.0742 8.73151 7.96852 7.77814 9.60186 9.07413 7.33522 7.22103 8.17422 5.28271 4.23761 2.79859
threshold=0.84286096692085277 -0.82339084148406971 0.59925383329391491 0.076836448162794127 0.18062485754489901 -1.0230627059936521 1.5521976947784426 -0.076905276626348482 0.76743233203887951 -3.4218336343765254 -0.73642194271087635 -0.7978033423423766 0.45206950604915624 -0.23429203778505323 0.82519134879112255 1.7129031419754031 0.75433260202407848 -0.34206879138946528
decision_type=2 2 2 2 2 10 2 2 2 2 2 2 2 2 2 2 8 10
left_child=3 17 13 9 5 -5 8 -7 -6 -1 12 -12 -11 15 -15 -3 -4 -2
right_child=1 2 16 4 6 7 -8 -9 -10 10 11 -13 -14 14 -16 -17 -18 -19
leaf_value=-0.015314992853425935 0.0035721174114615897 0.01074137772404803 0.038704549655291444 0.017077833245743999 0.00026523050210506334 -0.010118904982513803 0.034832870766503266 -0.036611965432889908 0.014114007357910123 0.022773932444224328 -0.0040857185505210718 0.0079750760210558318 0.0052148410572507523 0.00091580638323107862 0.025656715199501901 0.033620938488556747 0.016691759450669724 -0.019441847402995691
leaf_weight=13.403775125741957 9.0959911346435565 19.263680085539818 22.696674253791571 13.317663475871084 118.70361191779375 73.642087072134018 12.789877861738203 13.203515335917471 54.590487591922283 59.634989000856876 69.433622449636459 293.30501633882523 33.405997134745121 65.80665060505271 14.704226337373255 17.18479323387146 12.049038276076315 9.9658252745866758
leaf_count=35 48 62 72 40 521 266 37 58 190 155 292 1032 90 267 51 60 34 56
internal_value=0.00622909 0.0125349 0.0151729 0.00480366 0.000860569 -0.00999515 0.00670387 -0.0141468 0.00462782 0.00720932 0.00787173 0.00566646 0.0164694 0.0104499 0.0054344 0.0215287 0.031071 -0.00845995
internal_weight=926.198 170.767 151.705 755.431 286.247 100.163 186.084 86.8456 173.294 469.183 455.78 362.739 93.041 116.959 80.5109 36.4485 34.7457 19.0618
internal_count=3366 650 546 2716 1112 364 748 324 711 1604 1569 1324 245 440 318 122 106 104
is_linear=0
shrinkage=0.03


end of trees

feature_importances:
regime_p_trending=24
vpin_12bar=23
cvd_1bar=16
realized_vol_12=14
bb_pctb_20=12
ofi_1bar=11
rsi_14=11
return_6=10
microprice_drift=9
regime_p_highvol=9
cvd_slope_5bar=8
aggressive_ratio=8
regime_p_ranging=8
ofi_3bar=7
obi_1bar=7
hl_range_zscore=7
return_3=5
autocorr_6=4
stoch_k_14=4
donchian_pos_20=4
cvd_3bar=3
return_1=1

parameters:
[boosting: gbdt]
[objective: binary]
[metric: binary_logloss]
[tree_learner: serial]
[device_type: gpu]
[data_sample_strategy: bagging]
[data: ]
[valid: ]
[num_iterations: 300]
[learning_rate: 0.03]
[num_leaves: 31]
[num_threads: 0]
[seed: 42]
[deterministic: 0]
[force_col_wise: 1]
[force_row_wise: 0]
[histogram_pool_size: -1]
[max_depth: 5]
[min_data_in_leaf: 50]
[min_sum_hessian_in_leaf: 0.001]
[bagging_fraction: 0.7]
[pos_bagging_fraction: 1]
[neg_bagging_fraction: 1]
[bagging_freq: 0]
[bagging_seed: 400]
[bagging_by_query: 0]
[feature_fraction: 0.8]
[feature_fraction_bynode: 1]
[feature_fraction_seed: 30056]
[extra_trees: 0]
[extra_seed: 12879]
[early_stopping_round: 0]
[early_stopping_min_delta: 0]
[first_metric_only: 0]
[max_delta_step: 0]
[lambda_l1: 0]
[lambda_l2: 0]
[linear_lambda: 0]
[min_gain_to_split: 0]
[drop_rate: 0.1]
[max_drop: 50]
[skip_drop: 0.5]
[xgboost_dart_mode: 0]
[uniform_drop: 0]
[drop_seed: 17869]
[top_rate: 0.2]
[other_rate: 0.1]
[min_data_per_group: 100]
[max_cat_threshold: 32]
[cat_l2: 10]
[cat_smooth: 10]
[max_cat_to_onehot: 4]
[top_k: 20]
[monotone_constraints: ]
[monotone_constraints_method: basic]
[monotone_penalty: 0]
[feature_contri: ]
[forcedsplits_filename: ]
[refit_decay_rate: 0.9]
[cegb_tradeoff: 1]
[cegb_penalty_split: 0]
[cegb_penalty_feature_lazy: ]
[cegb_penalty_feature_coupled: ]
[path_smooth: 0]
[interaction_constraints: ]
[verbosity: -1]
[saved_feature_importance_type: 0]
[use_quantized_grad: 0]
[num_grad_quant_bins: 4]
[quant_train_renew_leaf: 0]
[stochastic_rounding: 1]
[linear_tree: 0]
[max_bin: 255]
[max_bin_by_feature: ]
[min_data_in_bin: 3]
[bin_construct_sample_cnt: 200000]
[data_random_seed: 175]
[is_enable_sparse: 1]
[enable_bundle: 1]
[use_missing: 1]
[zero_as_missing: 0]
[feature_pre_filter: 1]
[pre_partition: 0]
[two_round: 0]
[header: 0]
[label_column: ]
[weight_column: ]
[group_column: ]
[ignore_column: ]
[categorical_feature: ]
[forcedbins_filename: ]
[precise_float_parser: 0]
[parser_config_file: ]
[objective_seed: 16083]
[num_class: 1]
[is_unbalance: 1]
[scale_pos_weight: 1]
[sigmoid: 1]
[boost_from_average: 1]
[reg_sqrt: 0]
[alpha: 0.9]
[fair_c: 1]
[poisson_max_delta_step: 0.7]
[tweedie_variance_power: 1.5]
[lambdarank_truncation_level: 30]
[lambdarank_norm: 1]
[label_gain: ]
[lambdarank_position_bias_regularization: 0]
[eval_at: ]
[multi_error_top_k: 1]
[auc_mu_weights: ]
[num_machines: 1]
[local_listen_port: 12400]
[time_out: 120]
[machine_list_filename: ]
[machines: ]
[gpu_platform_id: -1]
[gpu_device_id: -1]
[gpu_use_dp: 0]
[num_gpu: 1]

end of parameters

pandas_categorical:null
