tree
version=v4
num_class=1
num_tree_per_iteration=1
label_index=0
max_feature_idx=24
objective=binary sigmoid:1
feature_names=log_return_lag1 hl_range_lag1 close_pos_lag1 vol_zscore_lag1 body_ratio_lag1 log_return_lag2 hl_range_lag2 close_pos_lag2 vol_zscore_lag2 body_ratio_lag2 log_return_lag3 hl_range_lag3 close_pos_lag3 vol_zscore_lag3 body_ratio_lag3 log_return_lag4 hl_range_lag4 close_pos_lag4 vol_zscore_lag4 body_ratio_lag4 log_return_lag5 hl_range_lag5 close_pos_lag5 vol_zscore_lag5 body_ratio_lag5
feature_infos=[-0.10281404107809067:0.039449531584978104] [0:0.025097465142607689] [0:1] [-1051.81103515625:6.9176197052001953] [0:1] [-0.039220713078975677:0.024996105581521988] [0:0.02230139821767807] [0:1] [-1136.81103515625:6.9049057960510254] [0:1] [-0.063014581799507141:0.039400890469551086] [0:0.043114405125379562] [0:1] [-1323.81103515625:6.9294266700744629] [0:1] [-0.063014581799507141:0.039400890469551086] [0:0.043114405125379562] [0:1] [-1282.81103515625:6.9176197052001953] [0:1] [-0.10281404107809067:0.055333498865365982] [0:0.043114405125379562] [0:1] [-1228.81103515625:6.9074950218200684] [0:1]
tree_sizes=3564 3699 3682 3699 3682 3677 3662 3683 3660 3674 3686 3678 3655 3694 3647 3686 3707 3678 3671 3672 3684 3698 3698 3680 3684 3671

Tree=0
num_leaves=31
num_cat=0
split_feature=0 0 7 5 5 12 20 16 11 8 3 5 0 20 5 20 5 17 9 6 15 12 15 18 22 18 13 18 18 16
split_gain=184.114 60.995 50.2542 41.8734 30.7017 22.2233 19.4645 17.7996 16.5012 15.5974 14.61 14.1684 13.8795 14.3753 13.3763 15.835 13.3734 21.6981 12.6402 12.3206 11.3051 10.7897 10.7365 9.73891 9.64942 9.64725 8.25559 7.88302 7.44903 6.85873
threshold=-1.0000000180025095e-35 0.00013781223242403942 0.63762626051902782 9.0171324700349955e-05 -0.00028154210303910071 0.41277891397476202 0.00014312294661067429 0.00016793786926427859 0.0016756600234657528 0.87013262510299694 0.36860324442386633 -0.00017683205078355965 -0.00012402715947246176 0.0001178967213490978 0.00037745345616713172 -0.00064149170066229988 0.00034292964846827095 0.61591148376464855 0.49545454978942877 0.0011459830566309395 0.00011968880789936522 0.12660256773233416 -0.00016282225260511038 -0.2445612624287605 0.65450927615165722 1.697722375392914 4.7435705661773691 -1.1901877522468565 4.8329591751098642 0.00016671065532136711
decision_type=2 2 2 2 2 2 2 2 2 2 2 2 2 2 2 2 2 2 2 2 2 2 2 2 2 2 2 2 2 2
left_child=3 2 6 5 8 10 11 12 9 -3 23 -2 29 -14 15 -4 25 -18 28 -20 -7 -16 -8 -1 -10 -9 -12 -22 -6 -5
right_child=1 4 14 7 18 20 22 16 24 -11 26 -13 13 -15 21 -17 17 -19 19 -21 27 -23 -24 -25 -26 -27 -28 -29 -30 -31
leaf_value=0.016005769199228144 0.015382456874664186 0.013264085791618058 0.0058976741293797364 0.014019465931297494 0.012429826519875359 0.015119794135008907 0.014523779240402428 0.014471784307789712 0.012020159673294928 0.015700446301041594 0.017049502797294485 0.014108462365359989 0.011601108175832469 0.0049591556037995761 0.013807888738846705 0.012919696336562763 0.014441022457718045 0.011784064021762875 0.011714299968772551 0.0090560209651250473 0.010389166507492706 0.009998729823634608 0.012413420419844287 0.014393520388955168 0.005221911410918878 0.016693787922566421 0.010244404231084404 0.014141374697958682 0.017616353930888364 0.0032126836787965546
leaf_weight=8556.8683171272278 10235.603212043643 7535.6904599666595 292.0534839630127 2624.2029168605804 25953.630007371306 25360.961713403463 2985.2818050384521 17855.917292773724 533.57606446743011 3446.4792177677155 8704.7961883544922 33800.452042981982 2105.7010259926319 340.72478410601616 882.14196054637432 27876.449289113283 7125.829425573349 4521.5463745594025 22661.269013777375 1685.9239501953125 530.40452575683594 2773.2916255742311 7941.3090362548828 5565.0223292410374 290.06070005893707 1950.6708887219429 163.4560546875 10091.860805511475 251.63975143432617 53.942386627197266
leaf_count=33998 40665 29931 1159 10424 103075 100753 11859 70932 2119 13693 34590 134266 8362 1352 3504 110717 28307 17956 89992 6693 2106 11011 31539 22107 1151 7751 649 40088 1000 214
internal_value=0.0137185 0.0130598 0.013574 0.0147466 0.0123441 0.0152412 0.0141234 0.0139491 0.0137215 0.0140287 0.0159697 0.0144046 0.0123096 0.0106761 0.0126253 0.0128469 0.0142163 0.0134096 0.0120224 0.0115302 0.0147757 0.010918 0.01299 0.0153704 0.00962602 0.0146906 0.0169241 0.013954 0.0124796 0.0138018
internal_weight=244697 149145 86786.6 95551.9 62358.3 58973.4 54962.6 36578.5 11805.8 10982.2 22990.1 44036.1 5124.57 2446.43 31823.9 28168.5 31454 11647.4 50552.5 24347.2 35983.2 3655.43 10926.6 14121.9 823.637 19806.6 8868.25 10622.3 26205.3 2678.15
internal_count=971963 592374 344720 379589 247654 234291 218329 145298 46894 43624 91344 174931 20352 9714 126391 111876 124946 46263 200760 96685 142947 14515 43398 56105 3270 78683 35239 42194 104075 10638
is_linear=0
shrinkage=1


Tree=1
num_leaves=31
num_cat=0
split_feature=0 0 7 5 5 3 20 15 20 0 9 5 23 15 5 5 20 15 0 23 9 5 3 3 15 20 22 20 21 24
split_gain=173.233 57.3883 47.283 39.3991 28.8863 20.4352 18.3134 16.5515 13.7206 13.3828 15.2991 13.3317 13.3124 17.7056 12.884 12.5853 14.8983 12.2005 14.3731 11.3986 11.3116 11.0456 10.6822 11.3275 10.1017 9.64745 9.57224 8.40408 11.8679 9.30531
threshold=-1.0000000180025095e-35 0.00013781223242403942 0.63762626051902782 9.0171324700349955e-05 -0.00028154210303910071 0.41619423031806951 0.00014312294661067429 -0.00023297352163353932 0.00051540858112275611 -0.00027946752379648382 0.16472868621349337 -0.00017683205078355965 0.25588169693946844 0.00012261288065928969 -0.00046964343346189702 0.00037745345616713172 -0.00064149170066229988 0.00094263418577611457 0.00022834308765595782 0.50438526272773754 0.43826219439506536 0.00034292964846827095 -0.52305868268012989 -0.79948481917381276 -0.00016282225260511038 -0.00016764225438237188 0.2014492750167847 0.00066886379499919723 0.00084177614189684402 0.5265987515449525
decision_type=2 2 2 2 2 2 2 2 2 2 2 2 2 2 2 2 2 2 2 2 2 2 2 2 2 2 2 2 2 2
left_child=3 2 6 5 8 12 11 22 19 10 -9 -2 13 -1 -10 16 -4 20 -19 -3 -6 -11 23 -5 -8 -14 -17 28 -7 -29
right_child=1 4 15 7 17 27 24 9 14 21 -12 -13 25 -15 -16 26 -18 18 -20 -21 -22 -23 -24 -25 -26 -27 -28 29 -30 -31
leaf_value=0.0014460882778958531 0.0012025324562864946 -0.0006625170219014539 -0.007997385969811855 0.0011907266147082912 -0.0015471325447977667 0.0017179472154782798 0.00036960065197106214 0.0045334678104489044 -0.0052928404613737864 -0.00056634151933906637 7.0447376009124591e-05 -3.3275842364837567e-05 0.001304488913503858 -0.00014002727420310248 0.00081581281914779741 -0.00053013930034287958 -0.0011863518601215707 0.0030399631352070219 -0.0071020659652001545 0.0015349557052968183 -0.0024531110765890897 -0.0022640261661223656 0.001963413024341143 -0.0029066138420370622 -0.0016774130616043431 -0.00087959048693348732 -0.0040351627355475414 -0.011424782603702091 0.0040789400344733986 -0.00017458340540279382
leaf_weight=21777.541917800903 10235.521015226841 7449.4265189170837 292.06549739837646 1504.1977272033691 25203.671283811331 16031.963558197021 2985.2738170623779 750.2921591848135 913.40252685546875 15450.747623443604 8788.540898218751 33800.571368172765 2468.9470195770264 8931.9471645355225 470.96940231323242 946.13595472276211 27876.484032839537 149.9876971244812 778.55447816848755 2972.0318131446838 24420.968486696482 4440.4638748168945 4625.9325199127197 1018.3918476104736 7941.4246921539307 6927.1098651885986 2709.368600025773 74.614876955747604 2176.235668182373 584.54758337140083
leaf_count=86523 40665 29589 1159 5976 100097 63698 11859 2982 3626 61371 34911 134266 9809 35480 1871 3758 110717 596 3090 11808 96977 17634 18380 4044 31539 27514 10757 296 8649 2322
internal_value=-0.000411566 -0.00105047 -0.000551642 0.000585695 -0.0017447 0.00106546 -1.88107e-05 -0.000187802 -0.000408587 -0.000502316 0.000421493 0.000253969 0.00068243 0.000984762 -0.00321465 -0.00147189 -0.00125697 -0.00205673 -0.00546382 -3.58332e-05 -0.00199298 -0.000945328 0.00110703 -0.000463406 -0.00111815 -0.000305693 -0.00312798 0.00187966 0.00200013 -0.00144807
internal_weight=244697 149146 86786.8 95551.5 62359 58972.9 54962.8 36578.6 11805.8 29430 9538.83 44036.1 40105.5 30709.5 1384.37 31824.1 28168.5 50553.2 928.542 10421.5 49624.6 19891.2 7148.52 2522.59 10926.7 9396.06 3655.5 18867.4 18208.2 659.162
internal_count=971963 592374 344720 379589 247654 234291 218329 145298 46894 116898 37893 174931 159326 122003 5497 126391 111876 200760 3686 41397 197074 79005 28400 10020 43398 37323 14515 74965 72347 2618
is_linear=0
shrinkage=0.03


Tree=2
num_leaves=31
num_cat=0
split_feature=0 0 7 10 7 10 3 10 20 6 12 20 4 4 17 1 6 20 23 0 15 19 20 10 3 8 8 23 19 10
split_gain=162.994 53.9961 44.4877 31.8086 26.9655 19.8482 19.4335 17.8472 17.2311 16.3282 14.295 13.5351 13.4146 13.4019 12.6696 11.3049 11.1502 10.2952 10.1924 9.54391 9.50457 8.86639 8.81445 10.0994 8.92231 12.0593 9.03737 7.58698 7.55667 7.1453
threshold=-1.0000000180025095e-35 0.00013781223242403942 0.63762626051902782 0.00011649580483208412 0.55684757232666027 0.00010456969539518469 0.13873735815286639 0.00063704414060339342 0.00014312294661067429 0.00024959960137493914 0.61591148376464855 0.00055015590623952459 0.47722567617893225 0.74734041094779979 0.4977876096963883 0.00034783616138156509 0.00079167264630086731 7.9415502113988637e-05 3.0802327394485478 -5.465078174893278e-05 -0.00016282225260511038 0.41240409016609197 -0.00016764225438237188 0.0018582230550237002 -0.23600114136934278 1.3729886412620547 1.8136660456657412 0.67304226756095897 0.72249725461006176 0.00013577271602116528
decision_type=2 2 2 2 2 2 2 2 2 2 2 2 2 2 2 2 2 2 2 2 2 2 2 2 2 2 2 2 2 2
left_child=3 2 8 4 6 13 18 9 10 15 -2 -11 21 -4 17 -3 -7 -9 -1 -14 -10 -6 24 29 25 -5 -26 -25 -16 -24
right_child=1 7 5 22 12 16 -8 14 20 11 -12 -13 19 -15 28 -17 -18 -19 -20 -21 -22 -23 23 27 26 -27 -28 -29 -30 -31
leaf_value=0.00095739808395192943 0.00068174113300490324 -0.0018106998142356911 -0.00063779587357460938 -0.00018641166739244379 -0.0014407674047799092 -0.0023133619833327077 0.0023318689250623205 0.000138897617227395 0.00035851460584736521 -0.0011450160750014996 -0.00042467570367547727 -0.0030843971979090663 0.00083904475931885296 -0.0025997336574865386 -0.0047282584622750498 -0.0035658355740221591 -0.0062164945080917348 -0.0048737373296019329 -0.0058766282547547902 -0.0080688053927037567 -0.0016270802053163674 0.00022183977242222315 -0.0018721070335110715 0.0096680423834096859 0.0020485058049353423 -0.011337163608773777 -0.0018750949713815714 -0.0032457729892885717 -0.0099061049649106832 -0.0003794765570951407
leaf_weight=18573.975634217262 26707.256381899118 8858.5344986319542 19129.659529387951 3998.9851441383362 5057.8342829197645 8231.1892795562744 15060.072242736816 897.97819271683693 2985.2657527923584 41560.780573427677 17328.787183493376 3512.4730526208878 19454.142061233521 3747.4250911772251 1323.9421814531088 5266.3562539815903 716.01872444152832 625.71179863810539 198.51017761230469 108.85452066361904 7941.4907684326172 6725.1143459975719 3430.9624176025391 147.60325509309769 3850.6533243656158 89.236203670501709 612.36338782310486 56.663621127605438 313.79815556108952 18185.999473571777
leaf_count=73791 106099 35180 75981 15885 20088 32687 59842 3567 11859 165065 68832 13947 77286 14881 5256 20910 2842 2484 788 432 31539 26715 13626 587 15300 354 2432 225 1245 72238
internal_value=-0.000399218 -0.00101895 -0.000535089 0.000568127 0.000941776 -0.00142771 0.00152913 -0.00169235 -1.82462e-05 -0.00157506 0.000246351 -0.00129615 0.000307833 -0.000959175 -0.00388852 -0.00246509 -0.00262572 -0.00191957 0.000885131 0.000789479 -0.0010846 -0.000491835 -0.000233714 -0.000553643 0.000582688 -0.000429806 0.00151015 0.00608575 -0.00572036 -0.000616381
internal_weight=244698 149147 86787.1 95551 65178.5 31824.3 33832.6 62359.6 54962.8 59198.1 44036 45073.3 31345.9 22877.1 3161.43 14124.9 8947.21 1523.69 18772.5 19563 10926.8 11782.9 30372.5 21821.2 8551.24 4088.22 4463.02 204.267 1637.74 21617
internal_count=971963 592374 344720 379589 258942 126391 134421 247654 218329 235102 174931 179012 124521 90862 12552 56090 35529 6051 74579 77718 43398 46803 120647 86676 33971 16239 17732 812 6501 85864
is_linear=0
shrinkage=0.03


Tree=3
num_leaves=31
num_cat=0
split_feature=0 0 7 5 10 5 10 5 16 20 3 11 20 8 10 0 15 0 20 9 4 10 4 5 17 17 10 18 15 0
split_gain=153.361 50.8038 41.8574 36.125 37.1016 27.0482 18.675 17.6901 16.5119 16.2125 16.1101 15.1023 14.6257 14.4106 13.6875 13.6466 12.9502 12.9168 13.5133 12.6201 12.6097 12.4165 12.4066 12.1944 19.9846 10.595 10.3883 8.95431 8.94271 8.48628
threshold=-1.0000000180025095e-35 0.00013781223242403942 0.63762626051902782 9.0171324700349955e-05 0.00011649580483208412 -0.00028154210303910071 0.00010456969539518469 0.00038852050784043973 0.00016793786926427859 0.00014312294661067429 0.36860324442386633 0.0016756600234657528 0.00012310343299759555 0.87013262510299694 0.00046277549699880188 -0.0011349655105732379 -0.00011978916882071643 -0.00012402715947246176 0.0001178967213490978 0.41277891397476202 0.74734041094779979 0.00012907806376460942 0.13423423469066623 0.00034292964846827095 0.61591148376464855 0.4977876096963883 -8.3354174421401681e-05 1.697722375392914 -0.00016282225260511038 0.00020511417824309322
decision_type=2 2 2 2 2 2 2 2 2 2 2 2 2 2 2 2 2 2 2 2 2 2 2 2 2 2 2 2 2 2
left_child=3 2 9 4 10 11 20 -8 17 16 22 13 15 -3 19 -6 -2 -5 -19 -7 -4 -14 -1 27 -25 -16 -12 -10 -11 -13
right_child=1 5 6 8 12 14 7 -9 23 28 26 29 21 -15 25 -17 -18 18 -20 -21 -22 -23 -24 24 -26 -27 -28 -29 -30 -31
leaf_value=-0.00053860377954725413 0.0012280354563471369 -0.00078972979025804311 -0.0006186491596453297 -0.00032914963793785032 -0.0054413383382205865 -0.0013022532292256816 -0.0020267724082451651 -0.0059679331277196221 0.00030985239688478329 0.00034775943672033047 0.003076491236989048 0.008178012455969946 -0.0056797025142335446 0.0015521035344269591 -0.0020577181577296584 0.00064564386738486619 -2.8642744526126333e-05 -0.0024476415846477048 -0.0088872276693159041 -0.0022880001837543482 -0.0025217058495442231 -0.00087408948505744645 0.0013535075561844994 0.00028729972330649627 -0.0022625779756805173 -0.0052323149342816209 0.0014341041024861945 0.002450595669609105 -0.0015782516675365936 -0.005011782862667416
leaf_weight=3630.5582577884197 9376.9677572250366 7535.8215575218201 19129.678402081132 2678.1498558521271 340.30762481689453 23008.580473959446 7766.4624423980713 1180.8508396148682 17855.819458723068 2985.2575416564941 7832.5457763671875 46.530552864074707 530.52628326416016 3446.4704346656799 1853.3717031031847 12785.787651062012 34659.029296576977 2105.7441594600677 340.74011707305908 23759.217419564724 3747.4736233055592 5504.0968933105469 22130.769844323397 7125.7995272874832 4521.634228348732 1932.9438066929579 6217.3644866943359 1950.617139339447 7941.5593147277832 777.13277721405029
leaf_count=14421 37254 29931 75981 10638 1351 91379 30842 4687 70932 11859 31127 185 2106 13693 7360 50794 137677 8362 1352 94348 14881 21862 87927 28307 17956 7673 24703 7751 31539 3085
internal_value=-0.000387241 -0.000988376 -0.000519037 0.000551086 0.0010105 -0.00164156 -0.00138487 -0.00254692 -0.000189574 -1.77049e-05 0.00153253 -0.000348661 -7.41605e-05 -5.4814e-05 -0.00194349 0.000487833 0.000238953 -0.00176868 -0.00334453 -0.00180304 -0.000930386 -0.00129657 0.00108685 6.77034e-05 -0.000702585 -0.00367837 0.0023497 0.000520681 -0.00105206 -0.00426666
internal_weight=244698 149147 86787.3 95550.5 58972 62360.1 31824.5 8947.31 36578.5 54962.8 39811.2 11806 19160.7 10982.3 50554.1 13126.1 44036 5124.63 2446.48 46767.8 22877.2 6034.62 25761.3 31453.9 11647.4 3786.32 14049.9 19806.4 10926.8 823.663
internal_count=971963 592374 344720 379589 234291 247654 126391 35529 145298 218329 158178 46894 76113 43624 200760 52145 174931 20352 9714 185727 90862 23968 102348 124946 46263 15033 55830 78683 43398 3270
is_linear=0
shrinkage=0.03


Tree=4
num_leaves=31
num_cat=0
split_feature=0 0 7 5 10 5 22 12 10 5 3 15 11 20 23 15 0 0 9 10 10 0 4 5 3 3 10 3 13 8
split_gain=144.297 47.8137 42.5388 33.9905 34.9098 26.605 17.8004 20.2664 17.4871 15.1867 15.1589 15.0398 14.054 13.7612 13.1164 13.0758 12.8397 12.3004 14.1748 11.9589 11.6821 10.8008 10.2937 9.93822 9.93187 10.6672 9.77513 9.42839 9.35365 7.4196
threshold=-1.0000000180025095e-35 0.0001711083605187014 0.63245612382888805 9.0171324700349955e-05 0.00011649580483208412 -0.00028154210303910071 0.56330129504203807 0.63373982906341564 0.00010456969539518469 0.00038852050784043973 0.36860324442386633 -0.00023297352163353932 0.0016756600234657528 0.00012310343299759555 0.48690509796142584 0.00094263418577611457 -0.0011349655105732379 -0.00027946752379648382 0.16472868621349337 5.6789142035995617e-05 0.00012907806376460942 0.00020511417824309322 0.71081870794296276 0.00034292964846827095 -0.52305868268012989 -0.79948481917381276 -8.3354174421401681e-05 -0.26069246232509607 3.5144979953765874 0.088773932307958617
decision_type=2 2 2 2 2 2 2 2 2 2 2 2 2 2 2 2 2 2 2 2 2 2 2 2 2 2 2 2 2 2
left_child=3 2 6 4 10 12 7 -2 22 -10 14 24 19 16 -1 27 -6 18 -13 -3 -15 -14 -4 -19 25 -5 -12 -7 -17 -8
right_child=1 5 8 11 13 15 29 -9 9 -11 26 17 21 20 -16 28 -18 23 -20 -21 -22 -23 -24 -25 -26 -27 -28 -29 -30 -31
leaf_value=0.0013597682890684685 0.00093878254639906422 0.00087208725467472024 -0.00068496127717628094 0.0011413608641100313 -0.0052778789539059219 -0.0013663214647848963 -0.00032340379153870122 -0.00053531648544587326 -0.0020041172435138459 -0.0054934871910716238 0.0029842981833081046 0.0043600813117664903 0.012247717236198297 -0.005509130349968464 -0.0004456450901636606 -0.0061627556380043635 0.00062627695242176205 -0.00054891849708618191 6.4082480416112871e-05 -0.001205650048392994 -0.000847863366691643 -0.00486138861173647 -0.002321454274908658 -0.0021592460706838569 0.0018761849415774915 -0.0028347532251291178 0.0013911004927767135 -0.0022665177152753628 0.010124749649996902 -0.0014441191018988594
leaf_weight=21401.783042907715 21658.177090898156 5753.0644685328007 20242.328089058399 1504.1780624389648 340.32149505615234 17406.399793505669 16328.208106786013 13705.85735565424 8307.7176113128662 1297.9534606933594 7832.281307220459 750.25321175158024 34.690411567687988 530.5432014465332 4359.2997436523438 864.93733239173889 12785.7209815979 15450.767509460449 8788.5139620155096 4399.9302671849728 5504.1319580078125 777.13923931121826 4172.2905805259943 4440.5430526733398 4625.819356918335 1018.407693862915 6217.2734336853027 26282.663927197456 32.941833257675171 7883.5015907287598
leaf_count=85032 86044 22855 80399 5976 1351 69128 64857 54440 32991 5152 31127 2982 138 2106 17316 3433 50794 61371 34911 17475 21862 3085 16568 17634 18380 4044 24703 104368 131 31310
internal_value=-0.000375625 -0.000958722 -0.000544904 0.000534557 0.00098019 -0.00165594 -6.16018e-05 0.000367474 -0.00139126 -0.00247561 0.00148657 -0.000183887 -0.000332034 -7.19366e-05 0.00105426 -0.00198152 0.000473199 -0.000483692 0.000401976 -2.83268e-05 -0.00125766 -0.0041303 -0.000964627 -0.000908409 0.00105041 -0.000463859 0.00227927 -0.00190787 -0.00556519 -0.000688317
internal_weight=244698 149148 93596 95549.8 58971.4 55551.8 59575.7 35364 34020.3 9605.67 39810.6 36578.5 10964.8 19160.7 25761.1 44586.9 13126 29430.1 9538.77 10153 6034.68 811.83 24414.6 19891.3 7148.41 2522.59 14049.6 43689.1 897.879 24211.7
internal_count=971963 592374 371761 379589 234291 220613 236651 140484 135110 38143 158178 145298 43553 76113 102348 177060 52145 116898 37893 40330 23968 3223 96967 79005 28400 10020 55830 173496 3564 96167
is_linear=0
shrinkage=0.03


Tree=5
num_leaves=31
num_cat=0
split_feature=0 0 7 5 10 5 10 16 5 3 11 8 10 16 23 23 23 0 22 12 9 8 4 17 10 5 22 10 23 0
split_gain=135.769 45.2304 37.0749 31.9822 32.8475 23.996 16.5778 15.3453 14.9726 14.2639 13.3807 13.4496 12.7373 12.6033 14.2658 12.3777 12.3414 12.2819 12.2815 21.1073 11.8351 11.7298 10.8141 9.90906 9.19826 9.07478 8.78573 8.46543 12.1558 7.16228
threshold=-1.0000000180025095e-35 0.00013781223242403942 0.63762626051902782 9.0171324700349955e-05 0.00011649580483208412 -0.00028154210303910071 0.00011649580483208412 0.00016793786926427859 0.00038852050784043973 0.36860324442386633 0.0016756600234657528 0.87013262510299694 0.00046277549699880188 6.0072688938817016e-05 -0.1292864382266998 -0.67325860261917103 0.48690509796142584 -0.0001225940868607722 0.55684757232666027 0.63373982906341564 0.41277891397476202 -1.8327622413635252 0.74734041094779979 0.4977876096963883 -8.3354174421401681e-05 0.00035785643558483576 0.65450927615165722 0.0018582230550237002 0.29689963161945349 -0.0010105329565703867
decision_type=2 2 2 2 2 2 2 2 2 2 2 2 2 2 2 2 2 2 2 2 2 2 2 2 2 2 2 2 2 2
left_child=3 2 18 4 9 10 22 13 -8 16 11 -3 20 14 -5 21 -1 -15 19 -2 -7 -9 -4 -14 -11 -17 -12 29 -29 -6
right_child=1 5 6 7 27 12 8 15 -10 24 26 -13 23 17 -16 25 -18 -19 -20 -21 -22 -23 -24 -25 -26 -27 -28 28 -30 -31
leaf_value=0.0013189923544049513 0.00096373507600430578 -0.00076189191223611174 -0.00061360505943344268 0.0050804610546490662 -0.0031079262119006351 -0.0012102050548633218 -0.0019459040108482262 0.0093729022063370367 -0.005633153437228128 0.0028948797620439231 -0.0017320093385288858 0.001500521262607973 -0.0019369186792095431 -0.00078275441276015871 -0.0047579580417972606 0.00084780861299756636 -0.00043227376105749404 -0.0039293347088521701 -0.00055708304810162229 -0.00060227260209915357 -0.0021647977692290845 -0.0010944284457369503 -0.0023406227889521646 -0.0050070225484978356 0.0013493880250705045 -0.00038154860857464483 -0.0082188125068452089 0.01174246117924156 -0.0033580680895238958 -2.0769824660132493e-05
leaf_weight=21401.511672973633 19956.875105574727 7535.8572611808777 19733.340620115399 456.90480160713196 702.38235950469971 23008.806378141046 7027.7718925476074 97.568023681640625 1153.87424659729 7831.9889984130859 533.59621594846249 3446.4242634773254 1853.3945487886667 2370.6539658308029 186.90484118461609 15254.286123752594 4359.3164291381836 2110.2099295854568 22345.816696077585 12660.131798312068 23759.51059268415 7733.0117378234863 3909.7009242773056 1932.9551063627005 6217.1824645996094 8368.9195609092712 290.06458117067814 126.44037432968616 77.315530821681023 18254.561755180359
leaf_count=85032 79286 29931 78378 1816 2789 91379 27908 388 4580 31127 2119 13693 7360 9416 742 60602 17316 8378 88757 50286 94348 30714 15525 7673 24703 33242 1151 503 307 72514
internal_value=-0.000364356 -0.000929958 -0.000487111 0.000518524 0.000950795 -0.00154627 -0.00130197 -0.000178371 -0.00246592 0.001442 -0.0003285 -5.19087e-05 -0.00183065 -0.00170067 0.00222426 6.96524e-05 0.00102264 -0.0022646 -1.52864e-05 0.000355897 -0.00169516 -0.000964007 -0.000899191 -0.00350423 0.00221095 0.000412288 -0.00401643 -6.97786e-05 0.00601254 -0.000135153
internal_weight=244697 149148 86787.5 95549.2 58970.7 62360.6 31824.7 36578.5 8181.65 39810 11805.9 10982.3 50554.7 5124.67 643.81 31453.8 25760.8 4480.86 54962.8 32617 46768.3 7830.58 23643 3786.35 14049.2 23623.2 823.661 19160.7 203.756 18956.9
internal_count=971963 592374 344720 379589 234291 247654 126391 145298 32488 158178 46894 43624 200760 20352 2558 124946 102348 17794 218329 129572 185727 31102 93903 15033 55830 93844 3270 76113 810 75303
is_linear=0
shrinkage=0.03


Tree=6
num_leaves=31
num_cat=0
split_feature=0 5 0 5 12 4 5 17 7 20 3 19 11 0 3 5 20 18 3 23 23 13 17 6 23 8 2 6 3 4
split_gain=127.844 43.708 36.5379 28.3941 24.6765 21.0109 18.1451 16.1423 15.4256 14.9269 13.3075 13.5782 12.4436 11.879 11.0286 10.8918 9.78365 11.1176 10.1796 9.39374 9.16734 10.8186 8.76539 11.4101 9.26666 8.36582 8.15881 13.6501 8.99441 7.76622
threshold=-5.7080884289462113e-05 0.00012078753570676783 0.0001711083605187014 0.00019674066425068307 0.65450927615165722 0.11269841343164445 -0.00028154210303910071 0.61591148376464855 0.71366459131240856 0.00017857408238342035 0.53554856777191173 0.44562648236751562 0.0016756600234657528 -0.00075721726170741011 2.1606342792510991 5.6900622439570732e-05 0.00043651330634020274 -1.6719677448272703 -0.78468590974807728 0.34303541481494909 -0.73521059751510609 0.84446540474891674 0.31339286267757421 0.00079167264630086731 0.010072778910398485 -0.46745933592319483 0.50581395626068126 0.00010139416917809287 -0.54349064826965321 0.76533168554306041
decision_type=2 2 2 2 2 2 2 2 2 2 2 2 2 2 2 2 2 2 2 2 2 2 2 2 2 2 2 2 2 2
left_child=3 2 8 5 16 26 12 13 9 -2 11 -7 -4 14 -5 -8 18 -18 -3 -10 21 -9 24 -24 -6 -22 28 -28 -1 -12
right_child=1 4 6 7 22 10 15 20 19 -11 29 -13 -14 -15 -16 -17 17 -19 -20 -21 25 -23 23 -25 -26 -27 27 -29 -30 -31
leaf_value=0.00012778386380926665 0.00021413585959107506 0.00018895247362918225 -2.5994484629026111e-05 0.0017848408478138174 -0.0028647887978115838 0.0012928029251015913 -0.0019932396434407915 -0.0026990694941445557 -0.0015317149289973829 -0.0010826446661680749 0.002031801443159138 0.00024999011350809985 -0.0038858558164924467 -0.00012020049000335618 0.0096902613720191953 -0.00023730859579384973 0.015581704826887413 -0.0033958100819209075 -0.0013581631155822123 0.00030148497751563915 0.0012220781608230939 -0.01078224853809558 -0.0027944195857462378 -0.0054167617844051007 -3.217604709958046e-05 -0.0015482329618421717 0.0090636905354140804 0.00034884895045518517 -0.0020358528947618262 0.0006507708800327903
leaf_weight=3186.2105548381805 50462.85720577836 4764.1429266929626 10152.977340698242 1138.8557529449463 2589.4959158152342 20046.273173004389 23606.412780761719 1551.5422756671906 10653.839596882463 9491.3515963554382 13607.788063660264 25573.879420369864 811.80667114257812 11058.634412050247 184.56074333190918 3674.0915679931641 28.145725250244141 2154.4484176635742 19470.673354744911 3293.3886985778809 1225.5860903263092 164.85565829277039 6635.6162209063768 1926.9848594665527 1736.4146375656128 4917.0791115760803 179.79657401144505 1612.0185265541077 3781.4595409482718 5015.501240119338
leaf_count=12657 200460 18924 40330 4525 10282 79646 93742 6161 42310 37696 54074 101595 3223 43928 734 14593 112 8554 77326 13082 4869 654 26348 7649 6897 19528 715 6404 15018 19927
internal_value=-0.000353426 -0.000891472 -0.000589756 0.000520501 -0.00175232 0.00079616 -0.00134248 -0.000473709 -0.000200207 8.84252e-06 0.000984091 0.00070822 -0.000311769 0.000201248 0.00288731 -0.00175675 -0.00122729 -0.00315108 -0.00105403 -0.00109884 -0.00153711 -0.00347544 -0.00282848 -0.00338457 -0.00172778 -0.0009955 -0.000582155 0.00122332 -0.00104645 0.00165987
internal_weight=244697 151453 112147 93244 39305.9 73002.9 38245.3 20241.1 73901.4 59954.2 64243.4 45620.2 10964.8 12382.1 1323.42 27280.5 26417.4 2182.59 24234.8 13947.2 7859.06 1716.4 12888.5 8562.6 4325.91 6142.67 8759.49 1791.82 6967.67 18623.3
internal_count=971963 601528 445436 370435 156092 290036 151888 80399 293548 238156 255242 181241 43553 49187 5259 108335 104916 8666 96250 55392 31212 6815 51176 33997 17179 24397 34794 7119 27675 74001
is_linear=0
shrinkage=0.03


Tree=7
num_leaves=31
num_cat=0
split_feature=0 5 10 5 0 0 10 5 0 4 10 17 6 18 3 17 10 18 5 10 15 21 9 10 10 3 23 3 21 2
split_gain=120.987 36.1453 29.1049 25.5955 17.8435 16.6727 14.9473 17.2998 18.5885 12.5981 12.5141 13.0011 11.8649 19.2791 13.1848 11.7446 11.6655 11.6107 11.4008 15.4091 11.2794 10.3353 10.3221 9.34353 9.19696 8.67541 8.36697 8.24529 8.04224 7.93377
threshold=5.5828493714216172e-05 1.0000000180025095e-35 -6.4907668274827288e-05 0.00018704408284975219 -0.00027946752379648382 -0.00016223889542743561 0.00063704414060339342 -0.00028154210303910071 0.0001711083605187014 0.2152509689331055 0.00010225994265056217 0.58411949872970592 0.00056959094945341359 1.1907083392143252 0.70960640907287609 0.11834733933210374 0.00011649580483208412 3.540277481079102 0.00034292964846827095 -0.00018584482313599435 0.00042319981730543082 8.6591331637464477e-05 0.092329546809196486 0.00035175142693333333 0.00066558204707689594 5.8875067234039316 -1.5739858150482176 0.18985635042190555 8.5117251728661372e-05 0.43874999880790716
decision_type=2 2 2 2 2 2 2 2 2 2 2 2 2 2 2 2 2 2 2 2 2 2 2 2 2 2 2 2 2 2
left_child=1 2 5 6 12 20 7 22 -9 23 25 28 13 -3 -14 29 -11 -17 19 -6 -1 -7 -2 -4 -20 27 -13 -5 -12 -8
right_child=3 4 9 10 18 21 15 8 -10 16 11 26 14 -15 -16 17 -18 -19 24 -21 -22 -23 -24 -25 -26 -27 -28 -29 -30 -31
leaf_value=0.0025956390531214429 -0.015581259612156194 0.00084370601665663381 -0.00015503382926020947 -0.00096146814157999235 0.00094888758309571726 0.0036679514195432847 -0.011391984798099884 -0.0005498220386287965 -0.0016001518182042127 0.0010374806497797998 -0.018208171776496401 0.0094192598632237695 -0.0010873770242426483 0.005546129953462783 0.0017180952133116303 -0.0046127627077091919 -1.1492492914077237e-05 0.0069071350738758785 -0.0018016402344956841 -0.0006844773040416874 -0.00021344538689161631 0.0005688237714128457 0.00016366375927576513 -0.0021410634539503338 0.0027645930908872822 0.0093348969216933159 -0.0051572476465195751 -0.0025399382579615435 -0.0020761141664077942 0.0027831026933654345
leaf_weight=10193.504791259766 37.580115526914597 5897.0044002532959 19172.474480420351 6688.8635807037354 6206.0367031097412 1032.6555004119873 39.326494947075844 30345.630614757538 30313.559967517853 19759.797678023577 28.006049156188965 35.962558746337891 5183.9872360229492 905.1049976348877 2125.9582977294922 1977.9039965122938 18451.146457672119 82.006333827972412 8788.1704406738281 32009.623956680298 1472.2732467651367 15581.836908340454 13283.092652112246 2398.7110023498535 415.76272583007812 64.884410858154297 2442.8671593666077 5369.009635925293 4024.7207989692688 368.70629757642746
leaf_count=40511 149 23428 76158 26565 24655 4104 156 120531 120381 78507 111 143 20590 3598 8447 7852 73295 326 34900 127140 5849 61903 52765 9526 1652 258 9697 21319 15982 1465
internal_value=-0.000342824 0.000189056 0.000578858 -0.00117946 -0.000368817 0.00137182 -0.000936346 -0.000859728 -0.00107471 0.000203743 -0.00217579 -0.00323437 0.000567658 0.00146942 -0.000271459 -0.00323307 0.000530957 -0.00415415 -0.000647512 -0.000419227 0.00224112 0.000761447 0.000119244 -0.00037588 -0.00159537 -0.00160544 -0.00494577 -0.00166431 -0.00218759 0.0014169
internal_weight=244696 149594 88062.4 95102.1 61531.6 28280.3 76447.8 73979.9 60659.2 59782.1 18654.3 6531.56 14112.1 6802.11 7309.95 2467.94 38210.9 2059.91 47419.6 38215.7 11665.8 16614.5 13320.7 21571.2 9203.93 12122.8 2478.83 12057.9 4052.73 408.033
internal_count=971963 594263 349853 377700 244410 112367 303625 293826 240912 237486 74075 25933 56063 27026 29037 9799 151802 8178 188347 151795 46360 66007 52914 85684 36552 48142 9840 47884 16093 1621
is_linear=0
shrinkage=0.03


Tree=8
num_leaves=31
num_cat=0
split_feature=0 0 7 4 20 20 7 15 6 12 18 6 0 6 12 1 9 22 12 20 0 15 22 17 18 15 6 15 15 14
split_gain=114.439 38.7465 35.854 24.2196 16.489 14.8026 14.7619 12.983 12.3771 11.5962 10.7067 10.5968 10.5007 10.4451 11.4324 10.3223 10.3207 10.9323 9.54706 10.1411 14.0601 10.0188 9.24323 14.5764 9.29037 8.22167 7.38006 10.3231 8.42421 7.35116
threshold=-5.7080884289462113e-05 0.00013781223242403942 0.6264534890651704 0.11269841343164445 0.00085488069453276705 0.00014312294661067429 0.55684757232666027 0.00030048529151827102 0.00024959960137493914 0.65450927615165722 4.8329591751098642 0.000356559205101803 -0.00039031244523357595 0.00080294950748793792 0.037749288603663451 0.00022102500224718827 0.37668919563293463 0.45505051314830786 0.26794873178005224 9.541074177832344e-05 -0.00015356265794252974 -0.00023297352163353932 0.85584416985511791 0.76230832934379589 0.40136499702930456 -0.00016282225260511038 0.00017584736633580181 -0.0013669098261743782 -0.0003119102912023663 0.063508063554763808
decision_type=2 2 2 2 2 2 2 2 2 2 2 2 2 2 2 2 2 2 2 2 2 2 2 2 2 2 2 2 2 2
left_child=3 2 5 18 8 9 7 11 15 -2 -10 -5 -9 -4 -15 -3 29 -18 19 20 -1 -21 23 -6 -24 -7 28 -28 -20 -8
right_child=1 4 13 6 22 25 16 12 10 -11 -12 -13 -14 14 -16 -17 17 -19 26 21 -22 -23 24 -25 -26 -27 27 -29 -30 -31
leaf_value=-0.0027470392265558463 0.00064867847458119918 -0.00089535968228933373 -0.001102202990456079 0.00075946500160382891 -0.0045319342343497658 0.0003751024861333303 0.0023672085569513297 0.0013051923783177963 -0.0011448577323948112 -0.00033745242925777973 0.0031577556444214137 0.001756122576239873 -0.0012086431529423963 0.003792335506627169 -0.0043550245332124142 -0.0026509304813679638 0.0005825459654620912 -0.00070138725308640289 -0.013646370388634969 0.0045673307344299106 0.0024951729422763402 -0.0031110075585718856 0.00022333557619303652 -0.014832381913785574 -0.0053581354517725143 -0.0014566397378287564 0.01417849670814773 -0.0021853135106467826 0.00043157710795019099 0.00056391425438282968
leaf_weight=586.99009740352631 27408.910661906004 4357.2764038592577 31211.983232945204 19680.393450260162 500.77497626841068 3028.6018943786621 2503.199133977294 2455.8897857666016 45958.635206982493 17638.91222782433 526.47736930847168 18746.978313446045 3824.2418098449707 172.6305506080389 1518.1486966758966 9779.7151458263397 10652.959166780114 13573.274045228958 39.082083508372307 180.1408439874649 2136.3813376873732 1012.8707021474838 535.48901697993279 164.18453766405582 538.10682797431946 8112.8619041442871 34.932062149047852 5140.1269822120667 1808.6422688364983 10866.76772877574
leaf_count=2331 108888 17305 123959 78192 1988 12031 9947 9758 182523 70064 2092 74493 15190 686 6027 38832 42320 53913 155 716 8489 4022 2127 651 2136 32219 139 20413 7185 43172
internal_value=-0.00033254 -0.000841594 -0.000440141 0.000494308 -0.00141513 2.03917e-05 0.000670578 0.00103902 -0.00133252 0.000262549 -0.00109613 0.00124569 -0.00022559 -0.00122661 -0.00352317 -0.00210983 0.00023245 -0.000136806 -0.000831909 0.000354886 0.00136528 -0.0019516 -0.00429574 -0.00707521 -0.0025742 -0.000958714 -0.00149375 -0.00207486 0.000133808 0.000901537
internal_weight=244696 151453 89092 93242.9 62360.7 56189.3 82303.7 44707.5 60622.1 45047.8 46485.1 38427.4 6280.13 32902.8 1690.78 14137 37596.2 24226.2 10939.2 3916.38 2723.37 1193.01 1738.56 664.96 1073.6 11141.5 7022.78 5175.06 1847.72 13370
internal_count=971963 601528 353874 370435 247654 223202 326985 177633 240752 178952 184615 152685 24948 130672 6713 56137 149352 96233 43450 15558 10820 4738 6902 2639 4263 44250 27892 20552 7340 53119
is_linear=0
shrinkage=0.03


Tree=9
num_leaves=31
num_cat=0
split_feature=0 0 10 20 12 0 10 15 17 9 18 23 4 1 20 20 11 8 20 15 18 23 12 8 15 23 10 14 4 20
split_gain=107.73 27.6519 25.5495 23.4707 14.2583 13.2589 14.9876 12.5409 11.3643 13.3988 11.8298 11.4656 11.2449 13.5787 11.0678 11.0235 10.4893 9.72306 9.61064 9.967 9.46047 9.4095 14.3937 8.50293 8.08343 11.2247 7.69891 6.93874 6.63041 6.48853
threshold=5.5828493714216172e-05 -0.00016601184324827042 0.00011649580483208412 0.00055015590623952459 0.50471699237823497 0.00022834308765595782 -5.4635853302897879e-05 -0.00016644242714392019 0.35067567229270941 0.41277891397476202 -0.80589643120765675 0.50438526272773754 0.95603865385055553 0.00046337413368746644 -6.5066044044215219e-05 -0.00023130746558308599 0.0015648091793991627 -0.62332677841186512 0.00014840648509562018 -0.00016282225260511038 3.8284237384796147 2.0581154823303227 0.56306818127632152 3.2990757226943974 0.00024166750517906624 -1.2773634195327757 -0.00041302810132037843 0.32071428000926977 0.82426470518112194 -0.00055116665316745628
decision_type=2 2 2 2 2 2 2 2 2 2 2 2 2 2 2 2 2 2 2 2 2 2 2 2 2 2 2 2 2 2
left_child=1 2 12 5 18 14 20 -8 9 11 -11 -5 13 -1 16 28 -2 -17 23 -20 -7 22 -10 -3 25 -6 -26 -16 -4 -14
right_child=3 4 15 8 24 6 7 -9 21 10 -12 -13 29 -15 27 17 -18 -19 19 -21 -22 -23 -24 -25 26 -27 -28 -29 -30 -31
leaf_value=9.8035293394642056e-05 -0.00019717768603386241 0.0003143986186342941 0.001614705272273563 0.005049730861189647 0.0023140517380323086 -0.00085165344910375263 -0.00085212150160817867 -0.0024436766857154845 -0.0015208858006475548 0.0036520249873749043 -0.0049150595214720108 -0.0020337598610824163 0.0083072791022481898 0.0014147312506997539 -0.0016393819715030066 0.00071446036033248953 0.0064962795221607294 -0.001014048313411017 0.00089457696347800323 -0.0011767827229494591 0.0042551567232970927 -0.00794259880175242 -0.0061184850568106394 0.0034635601239120938 -0.021859383222957 -0.00053551930235813672 -0.001726485049352842 -0.00072409363721889623 -0.0012712375937385977 0.0021215697128700787
leaf_weight=11327.521115317941 19015.677919387817 42786.049412831664 3926.4855359047651 418.43729375302792 1293.1113367080688 15711.131458282471 6389.921817779541 14721.197288513184 1416.6818841397762 173.13944184780121 894.53214681148529 404.43235874176025 156.16206741333008 18662.560027599335 11095.798168614507 3968.2975091934204 213.07141304016113 11181.999762535095 2840.5924472808838 7919.8680171966553 333.40773773193359 520.88168811798096 1080.0845176428556 785.82390022277832 17.162989839911461 32832.852129474282 4290.433193936944 22713.674689814448 876.4080264121294 6727.4904551357031
leaf_count=45001 75531 169970 15601 1663 5138 62398 25378 58455 5626 688 3551 1606 621 74156 44065 15765 847 44414 11285 31455 1325 2067 4287 3123 68 130413 17039 90213 3481 26733
internal_value=-0.000322565 0.000179335 0.000700464 -0.00111204 -0.000139901 -0.0010021 -0.00143667 -0.00196194 -0.00313234 -0.00130856 -0.00352577 0.00156826 0.0011684 0.000917403 -0.000697655 -0.00016428 -0.000123008 -0.000561302 0.000172913 -0.000629976 -0.000745533 -0.00427493 -0.00350978 0.000371194 -0.000582117 -0.000427542 -0.0018067 -0.00102448 0.00108809 0.0022619
internal_weight=244695 149593 56826.9 95102.1 92765.9 90193.9 37155.7 21111.1 4908.19 1890.54 1067.67 822.87 36873.7 29990.1 53038.2 19953.2 19228.7 15150.3 54332.3 10760.5 16044.5 3017.65 2496.77 43571.9 38433.6 34126 4307.6 33809.5 4802.89 6883.65
internal_count=971963 594263 225772 377700 368491 358212 147556 83833 19488 7508 4239 3269 146511 119157 210656 79261 76378 60179 215833 42740 63723 11980 9913 173093 152658 135551 17107 134278 19082 27354
is_linear=0
shrinkage=0.03


Tree=10
num_leaves=31
num_cat=0
split_feature=0 5 0 5 12 10 22 5 12 17 1 14 1 15 18 4 11 5 11 15 0 10 6 18 6 1 21 0 4 15
split_gain=102.194 37.8984 28.7533 24.7137 22.242 21.2437 18.0363 15.9511 15.5216 15.0915 14.7846 13.8523 12.6942 12.3635 12.1897 11.8118 11.3825 10.272 10.2405 12.1398 9.97335 9.75964 9.36736 12.8023 8.92807 12.0016 8.20711 7.99446 7.79898 6.76891
threshold=-5.7080884289462113e-05 0.00012078753570676783 0.0001711083605187014 0.00019674066425068307 0.39208073914051061 -8.3354174421401681e-05 0.80277779698371898 -0.00028154210303910071 0.62331080436706554 0.61591148376464855 0.00035513465991243725 0.1123737394809723 0.0015624491497874262 -0.00053329780348576594 -1.8391555547714231 0.07275132462382318 0.0016756600234657528 5.6900622439570732e-05 0.00018762312538456174 -0.00033275932946708048 -0.0010105329565703867 -0.00024113332619890568 0.0019644093699753289 -1.2095478773117063 0.0003667201526695863 0.00048769253771752124 0.00052995729492977272 -0.0018190860864706335 0.5847701132297517 -0.00059642150881700207
decision_type=2 2 2 2 2 2 2 2 2 2 2 2 2 2 2 2 2 2 2 2 2 2 2 2 2 2 2 2 2 2
left_child=3 2 6 5 18 10 8 16 -2 12 14 -12 27 -8 -1 -7 -4 -9 21 -20 -17 -3 29 -24 26 -26 -11 -5 -14 -6
right_child=1 4 7 9 22 15 13 17 -10 24 11 -13 28 -15 -16 20 -18 -19 19 -21 -22 -23 23 -25 25 -27 -28 -29 -30 -31
leaf_value=0.018123943166811051 0.00056394927853485664 0.0072369532717845696 5.8964985672864326e-05 0.015196625406828423 1.1664979040004333e-05 -0.0008966011712887601 0.0047496550022397693 -0.0017988110230024244 -0.00048440557830528081 -0.00020943198812582611 0.0053573319282270195 0.0017943747869985148 0.0076865124155083859 -0.00099263588821902737 0.00049257247333594611 -0.0023036777540143653 -0.0036327691861154604 -9.356910904837318e-05 -0.002444234582487461 -8.1039704214129848e-05 0.00060997210158994335 -0.0024169560375708822 0.0135590820228326 -0.0078960492463132203 -0.0036440621107852 -0.00095634075134533661 0.006764060533909059 -8.1022132486625699e-05 0.0012896213920633431 -0.0023084076001928565
leaf_weight=35.416500091552734 30856.490586221218 96.592720672488213 10153.090591430664 30.907859802246094 1202.4313650131226 5901.700633585453 342.94074630737305 23606.354598999023 21613.611077398062 1356.2052909731865 1058.9666569530964 13525.172114104033 308.83604940772057 21088.495008334517 9956.5661659240723 1085.0103960037231 811.75318908691406 3674.0915069580078 2334.0217769891024 12091.804965183139 41437.912711560726 3881.7469270527363 26.644110321998596 413.26907479763031 2420.6699287891388 3911.1589572429657 171.04789434373379 11656.407331421971 385.81893411278725 19259.242935702205
leaf_count=141 122580 384 40330 123 4776 23441 1363 93742 85848 5387 4210 53749 1228 83757 39557 4309 3223 14593 9268 48028 164629 15414 106 1640 9611 15534 680 46303 1533 76476
internal_value=-0.000312888 -0.000793937 -0.000512988 0.000468479 -0.00159554 0.000725659 -0.00016742 -0.00118073 0.000132108 -0.000459058 0.00144403 0.00205308 0.000193564 -0.000900749 0.000555067 0.000361076 -0.000214343 -0.00156915 -0.000835017 -0.000463392 0.000535628 -0.00218256 -0.00226519 -0.00659658 -0.00148726 -0.00198386 0.000571579 -4.06194e-05 0.00413361 -0.00217207
internal_weight=244694 151453 112147 93241.8 39305.8 73000.7 73901.5 38245.3 52470.1 20241.1 24576.1 14584.1 12382 21431.4 9991.98 48424.6 10964.8 27280.4 18404.2 14425.8 42522.9 3978.34 20901.6 439.913 7859.08 6331.83 1527.25 11687.3 694.655 20461.7
internal_count=971963 601528 445436 370435 156092 290036 293548 151888 208428 80399 97657 57959 49187 85120 39698 192379 43553 108335 73094 57296 168938 15798 82998 1746 31212 25145 6067 46426 2761 81252
is_linear=0
shrinkage=0.03


Tree=11
num_leaves=31
num_cat=0
split_feature=0 7 20 7 10 3 0 0 10 10 20 17 23 18 21 23 21 6 1 4 7 22 23 3 10 16 2 1 7 20
split_gain=96.3177 28.2203 21.8989 20.6192 17.5637 17.3946 14.4437 13.3366 13.6685 11.474 10.8537 10.6751 11.9834 11.7922 10.6717 10.6531 10.3175 9.92407 9.33204 9.32558 9.31142 8.96942 8.66235 8.49637 8.4162 12.1544 9.4032 7.52481 7.46936 6.42593
threshold=5.5828493714216172e-05 0.55684757232666027 0.00055015590623952459 0.69337606430053722 -8.3354174421401681e-05 0.36860324442386633 -5.5915903431014151e-05 0.00020039411174366253 5.5784892538213178e-05 -0.00018754982011159879 -0.00013642565318150443 0.35067567229270941 0.48690509796142584 3.3126934766769414 8.6591331637464477e-05 0.078741163015365614 0.001972192083485425 0.00058715048362500976 0.00057014168123714637 0.41240409016609197 0.22287581861019137 0.53390806913375866 2.0581154823303227 0.77618864178657543 0.00036667533277068293 0.00036184251075610524 0.62331080436706554 0.00018131818069377917 0.63245612382888805 -0.00016546018741792065
decision_type=2 2 2 2 2 2 2 2 2 2 2 2 2 2 2 2 2 2 2 2 2 2 2 2 2 2 2 2 2 2
left_child=1 4 3 7 5 14 10 18 -9 29 17 12 20 -14 -1 16 -5 -3 -2 -12 -4 -13 -23 -17 25 -6 -26 -7 -11 -8
right_child=2 6 11 15 24 27 9 8 -10 28 19 21 13 -15 -16 23 -18 -19 -20 -21 -22 22 -24 -25 26 -27 -28 -29 -30 -31
leaf_value=0.0041634376073013089 -0.00041321455630772945 0.0014806956676001004 -0.0035767148891903714 -0.0022103128874266511 4.7786943991119641e-05 0.0051076188650759366 -0.0015283255265735117 -0.00060832494496091685 -0.001926276725277295 0.0020553353928307334 -0.00093719165713442541 -0.012490873718471011 -0.0044463352588361097 0.010818217037584654 0.00046129378000757257 -9.3642447342036158e-05 0.0098718017533507649 -0.00032030970269550634 0.0014883389881476092 0.00011933412103632794 0.0029786093419238418 -0.0030431891004075408 -0.0073820952091093843 -0.001980365551565754 -0.00033002714360859235 0.0010719526679063417 -0.0037085549357500701 0.0019517288497333338 -0.0013049674166248093 0.001472563280882013
leaf_weight=730.37851715087891 33842.568017318845 7363.2881336212158 272.26690505445004 15499.069170638919 32509.84456564486 736.81463241577148 863.43316841125488 17482.724241256714 11904.659433364868 615.30631642043591 11639.86849527061 110.68470820784569 882.89832401275635 48.02546215057373 17279.488037109375 5290.1879920959473 63.873062133789062 4398.4909858703613 2493.9157905578613 21238.005064681172 687.32346251606941 2406.6941777318716 500.17525866627693 3616.7265357971191 6349.5173999220133 15354.441729545593 839.43691526353359 8814.9213981628418 18351.823572322726 2506.5786056518555
leaf_count=2903 134421 29256 1081 61545 129146 2929 3429 69436 47274 2445 46232 439 3505 191 68649 21012 254 17472 9908 84369 2731 9556 1985 14362 25222 61004 3333 35034 72882 9958
internal_value=-0.000303503 0.000171071 -0.00104999 -0.000943795 0.000542078 0.00116029 -0.00028656 -0.000667022 -0.00114222 -0.000909355 2.50795e-05 -0.0030015 -0.00123388 -0.00365885 0.000611432 -0.00168718 -0.00216073 0.000807183 -0.000282703 -0.000254711 0.00111865 -0.00410893 -0.00378977 -0.000859762 0.000232578 0.00037633 -0.00072453 0.00219517 -0.00119596 0.000703703
internal_weight=244693 149592 95101.8 90193.7 82614.8 27561.6 66976.8 65723.9 29387.4 22337.1 44639.7 4908.07 1890.51 930.924 18009.9 24469.9 15562.9 11761.8 36336.5 32877.9 959.59 3017.55 2906.87 8906.91 55053.2 47864.3 7188.95 9551.74 18967.1 3370.01
internal_count=971963 594263 377700 358212 328220 109515 266043 261039 116710 88714 177329 19488 7508 3696 71552 97173 61799 46728 144329 130601 3812 11980 11541 35374 218705 190150 28555 37963 75327 13387
is_linear=0
shrinkage=0.03


Tree=12
num_leaves=31
num_cat=0
split_feature=2 5 5 20 12 1 11 6 20 11 22 18 17 22 2 16 23 11 5 17 5 13 8 8 18 3 3 6 6 20
split_gain=64.1215 26.2778 25.3116 18.0909 13.3651 12.167 13.1812 12.6112 11.9539 11.6209 11.063 10.8796 12.5369 9.92275 14.8203 10.4449 9.91445 9.38614 8.93905 13.685 8.78899 8.66319 8.34054 7.2339 13.6272 9.95581 6.96652 6.09768 14.971 6.84641
threshold=0.54006412625312816 0.00011089855615864509 0.00015248551790136847 0.00051540858112275611 0.65450927615165722 0.00035668002965394413 0.00052147274254821252 1.0000000180025095e-35 0.00066886379499919723 0.0001288203275180422 0.77913278341293346 4.8329591751098642 0.77951389551162731 0.70135134458541881 0.60208335518836986 9.5124851213768138e-05 -0.061742285266518586 0.00038351646799128508 0.00037745345616713172 0.56385868787765514 -0.00023616933322045949 4.7435705661773691 2.4349009990692143 0.87013262510299694 2.1610062122344975 3.0993118286132817 -0.86381161212921131 0.00018313061445951465 0.00018692170851863923 0.00033528919448144739
decision_type=2 2 2 2 2 2 2 2 2 2 2 2 2 2 2 2 2 2 2 2 2 2 2 2 2 2 2 2 2 2
left_child=1 5 3 11 13 6 10 17 -9 27 -1 20 -13 14 -4 -15 -8 -7 22 -20 -2 26 -11 25 -25 -6 -5 29 -29 -3
right_child=2 9 4 21 23 7 16 8 -10 18 -12 12 -14 15 -16 -17 -18 -19 19 -21 -22 -23 -24 24 -26 -27 -28 28 -30 -31
leaf_value=0.00051358325797259106 0.00010297232165661549 -0.00092327086839923426 0.0030637732452163825 -0.0052242157728050534 -0.0022433571617767943 0.011998480184725177 -0.0032728010863377001 0.0009010640917939813 -0.0014130868953247408 5.7034093738594235e-05 -0.00040067453299480932 0.0013342626776300544 0.012629069359610865 0.0054289488914230901 -0.0010088027024597007 -0.0025080973741405089 0.00017632530993477128 -0.0099024597132875026 -0.00014573587302366936 -0.0022229857836221991 -0.00069606997799347777 -0.024099957873249478 -0.0026034056248494049 -0.0049166943632607896 0.00084520642648530317 0.0065871997612198998 -0.0019125738318044459 -0.018916994508860092 -0.0026687865754591437 0.014193198666873222
leaf_weight=38222.925361081958 15747.640640258789 1720.4039472639561 870.52063581347466 715.68939208984375 5791.861236423254 139.25792294740677 1748.4672470092773 36443.650865256786 2126.1588080525398 27417.877654612064 17304.551714017987 390.14087085425854 114.37425155937672 153.73130026459694 10554.503256350756 5085.8983454704285 1313.5320663452148 20.161636531352997 6693.9855973273516 4976.3209597915411 58091.924331367016 16.914140224456787 1103.2200469970703 2210.2341079711914 443.55141448974609 117.23183822631836 2841.7078080177307 52.228620529174805 2236.5143463909626 27.394658386707306
leaf_count=151849 62554 6833 3459 2841 22999 554 6943 144799 8445 108913 68738 1550 455 611 41917 20195 5218 80 26590 19761 230727 67 4381 8774 1762 466 11285 207 8881 109
internal_value=-0.000294399 0.000120163 -0.000863299 -0.000595893 -0.00168922 0.000395723 0.000122998 0.0008083 0.000773497 -0.000486177 0.000228664 -0.000495661 0.00389481 -0.00119424 -0.000698496 -0.00227522 -0.0017932 0.00922869 -0.000332067 -0.00103149 -0.00052566 -0.00268066 -4.5874e-05 -0.00265251 -0.00395366 -0.00206817 -0.00257882 -0.00202063 -0.00303957 -0.000686338
internal_weight=244693 141547 103146 77918.4 25227.5 97318.7 58589.5 38729.2 38569.8 44227.9 55527.5 74344.1 504.515 16664.7 11425 5239.63 3062 159.42 40191.4 11670.3 73839.6 3574.31 28521.1 8562.88 2653.79 5909.09 3557.4 4036.54 2288.74 1747.8
internal_count=971963 562301 409662 309479 100183 386626 232748 153878 153244 175675 220587 295286 2005 66182 45376 20806 12161 634 159645 46351 293281 14193 113294 34001 10536 23465 14126 16030 9088 6942
is_linear=0
shrinkage=0.03


Tree=13
num_leaves=31
num_cat=0
split_feature=2 10 20 5 5 1 11 5 10 10 11 14 23 15 10 10 8 5 11 17 9 7 5 14 2 10 14 1 10 18
split_gain=60.332 27.0059 23.8277 22.8634 21.2565 14.6799 14.9727 14.4425 15.4368 12.0568 13.1909 11.3777 11.2883 11.1334 10.6314 10.5044 10.2283 9.91183 12.2843 9.78946 13.0968 12.2553 9.73431 9.73177 9.13802 8.60622 11.5577 9.99138 8.38992 7.96063
threshold=0.54006412625312816 0.0001135428174166009 0.00051540858112275611 -0.00021869276679353786 0.00015248551790136847 0.00035796318843495106 0.00034917725133709615 -1.0000000180025095e-35 0.00013577271602116528 0.00044828475802205508 0.00067899032728746544 0.92403846979141246 0.90523219108581554 0.00012261288065928969 0.00026346123195253318 -5.5881531807244749e-05 -0.50821053981780995 9.0171324700349955e-05 0.0001288203275180422 0.35857143998146063 0.56306818127632152 0.61200717091560375 -0.0001254665767191909 0.63693180680274974 0.30151516199111944 0.00063704414060339342 0.10172414034605028 0.00069318994064815353 -5.8868547057500102e-05 3.1113827228546147
decision_type=2 2 2 2 2 2 2 2 2 2 2 2 2 2 2 2 2 2 2 2 2 2 2 2 2 2 2 2 2 2
left_child=1 3 4 5 9 6 -1 13 12 10 -2 -7 -9 14 -3 28 -10 24 -19 20 21 -4 -15 -22 -5 26 -21 -27 -6 -17
right_child=2 7 19 17 15 11 -8 8 16 -11 -12 -13 -14 22 -16 29 -18 18 -20 25 23 -23 -24 -25 -26 27 -28 -29 -30 -31
leaf_value=0.0012093879937094376 -0.00052426269082601993 0.0013104692257584285 -0.0013511130314027629 0.00079351197305654051 -0.00090683520275309007 0.0019118473926128241 -0.0027363703204482141 -0.0032356133530004045 0.00038432628934269693 -0.0020700270812750565 0.00085937110898368064 0.0062420951646887804 0.00097865528474140812 -0.001577640827287781 -0.00040207913787586492 -0.0022344343414334874 -0.0010851229630473162 -0.0015828309737000365 4.4888905234797665e-05 -0.0077221762719961685 -0.0019568231470874658 0.004756922623138129 0.0017176947362081273 -0.0089619284269147198 -3.5214364759063352e-05 0.0012193218915472551 -0.0024432934030265072 -0.010459618756691016 0.0071988175463707253 0.0020686815261553005
leaf_weight=2915.0108710825443 63409.144568264484 7710.243824005127 885.32190437614918 31043.822893112898 10354.466510772705 8980.3907865285873 1231.0614746510983 3747.1818170547485 6152.0568313598633 4061.6208953857422 6873.3471908569336 581.45506536960602 675.10287380218506 4645.7411041259766 5655.498893737793 12337.942017555237 13885.30394744873 4874.851188659668 28977.281021118164 435.93884783983231 585.22335673868656 443.85967840254307 976.31132125854492 256.8106115013361 19494.934799551964 84.071619033813477 2596.876990377903 305.46083450317383 116.21749496459961 399.44934463500977
leaf_count=11582 251852 30633 3516 123341 41123 35689 4889 14879 24439 16129 27305 2312 2682 18451 22465 48993 55149 19360 115107 1730 2324 1764 3879 1019 77444 334 10312 1212 462 1587
internal_value=-0.000285567 0.000116558 -0.000837401 0.000392331 -0.000728216 0.00152871 3.78042e-05 -0.000506102 -0.000988019 -0.000480791 -0.000388949 0.00217517 -0.00259227 0.000114693 0.000585832 -0.00152081 -0.000633959 0.000207746 -0.00018951 -0.00274159 -0.00116592 0.000688571 -0.00100538 -0.0040933 0.000473837 -0.00374124 -0.00320208 -0.00793899 -0.000816868 -0.00209949
internal_weight=244692 141546 103146 98098.8 97552.2 13707.9 4146.07 43447.4 24459.6 74344.1 70282.5 9561.85 4422.28 18987.8 13365.7 23208.1 20037.4 84390.9 33852.1 5593.56 2171.22 1329.18 5622.05 842.034 50538.8 3422.35 3032.82 389.532 10470.7 12737.4
internal_count=971963 562301 409662 389724 387451 54472 16471 172577 97149 295286 279157 38001 17561 75428 53098 92165 79588 335252 134467 22211 8623 5280 22330 3343 200785 13588 12042 1546 41585 50580
is_linear=0
shrinkage=0.03


Tree=14
num_leaves=31
num_cat=0
split_feature=0 7 0 5 4 5 1 20 17 1 11 3 3 19 4 3 12 6 1 8 21 7 6 2 2 6 3 0 11 4
split_gain=86.3367 31.0681 29.6245 20.7879 15.7936 15.3613 14.3903 13.7669 13.7437 11.9403 11.7432 11.2713 10.6467 12.6886 10.3354 12.4762 9.68387 8.19119 11.3998 8.03232 8.02741 7.96541 10.2129 7.91605 7.64119 12.8295 8.78624 7.55656 7.40577 7.39912
threshold=-5.7080884289462113e-05 0.63245612382888805 0.0001711083605187014 0.00019674066425068307 0.10084745660424234 -0.00028154210303910071 0.0003636914625531063 0.00014312294661067429 0.61591148376464855 0.0015624491497874262 0.0016756600234657528 2.5374268293380742 0.53554856777191173 0.44562648236751562 0.59317129850387584 -0.26069246232509607 0.62331080436706554 0.0003667201526695863 0.00048769253771752124 3.1016891002655034 0.00091866910224780451 0.64400920271873485 0.0010864357464015486 0.87298387289047252 0.50581395626068126 0.00010139416917809287 -0.54349064826965321 -0.0018190860864706335 0.00036473292857408529 0.5847701132297517
decision_type=2 2 2 2 2 2 2 2 2 2 2 2 2 2 2 2 2 2 2 2 2 2 2 2 2 2 2 2 2 2
left_child=3 2 7 4 24 10 14 16 9 27 -4 -9 13 -6 20 -16 -2 19 -19 -10 -3 22 -8 -14 26 -26 -1 -5 -7 -11
right_child=1 6 5 8 12 28 21 11 17 29 -12 -13 23 -15 15 -17 -18 18 -20 -21 -22 -23 -24 -25 25 -27 -28 -29 -30 -31
leaf_value=0.00018678710057071335 0.00057654940556676765 -0.00056769710668840413 0.00014674500172622704 0.014801420158918062 0.0011564286741456758 -0.0020253772493000139 -0.0036743373279410547 -0.00077698655608890433 0.00089720883525926218 0.007495459696782952 -0.0036520387177939131 -0.0084416861066049596 0.0014584247373844374 0.0001493187775251939 -0.000785086737758297 -0.0029856329736682174 -0.00029159963902825211 -0.0034843967035499473 -0.00086493035233259959 -0.014404984847451324 0.0061349617583241279 -0.0018133257469228345 -0.018165478285435632 -0.021850596484540508 0.0088405547168711081 0.00037384345510342121 -0.001963132942752582 -5.3079615579383845e-05 -0.0010026671075072287 0.0012645687998107354
leaf_weight=3162.0489819049835 29374.419615671039 21622.871898636222 10077.763092041016 30.902976989746094 20086.460147425532 11845.843299865723 167.239781498909 12232.856953620911 1495.7231398373842 308.81260365247726 789.78269958496094 175.14541149139404 18662.260323837399 25619.741477862 5565.6138725280762 3974.8223456144333 19071.918830513954 2420.6837117522955 3911.1873858124018 31.523468732833862 162.01882869005203 22539.993833184242 59.28863263130188 13.122246429324148 179.78151132166386 1547.8533630371094 3727.6061852425337 11656.454868480563 13791.701484680176 385.81484156847
leaf_count=12561 116696 85880 40031 123 79810 47039 664 48585 5942 1228 3136 695 74164 101781 22104 15782 75755 9611 15534 125 644 89509 235 52 715 6149 14804 46303 54773 1533
internal_value=-0.000277001 -0.000719156 -0.000398884 0.000441198 0.000677075 -0.00107454 -0.00129561 6.42767e-06 -0.000409482 0.000213316 -0.000129326 -0.000885178 0.000838514 0.000591912 -0.000878462 -0.0017019 0.000234784 -0.0013907 -0.00186636 0.000581361 -0.000517848 -0.00186958 -0.00746706 0.00144205 -0.000529068 0.00125491 -0.000976414 -1.38023e-05 -0.00147521 0.00403465
internal_weight=244691 151451 97359.4 93240 72998.9 36505.1 54091.8 60854.3 20241.1 12382 10867.5 12408 64381.6 45706.2 31325.3 9540.44 48446.3 7859.12 6331.87 1527.25 21784.9 22766.5 226.528 18675.4 8617.29 1727.63 6889.66 11687.4 25637.5 694.627
internal_count=971963 601528 386710 370435 290036 144979 214818 241731 80399 49187 43167 49280 255807 181591 124410 37886 192451 31212 25145 6067 86524 90408 899 74216 34229 6864 27365 46426 101812 2761
is_linear=0
shrinkage=0.03


Tree=15
num_leaves=31
num_cat=0
split_feature=0 5 5 10 0 12 22 10 5 15 10 0 9 24 18 18 6 15 2 10 21 10 23 8 15 8 8 21 23 0
split_gain=81.2364 27.4392 21.0457 25.6587 19.9334 19.6252 16.0354 14.4258 13.2851 12.7253 10.2118 9.75653 12.2875 9.42882 9.35267 9.24474 9.18197 9.00815 11.1958 10.1085 8.53205 8.10382 11.4449 7.45633 6.91761 6.88314 6.87294 6.49737 8.11156 8.07476
threshold=-1.0000000180025095e-35 0.00018704408284975219 9.0171324700349955e-05 0.00011649580483208412 0.0001711083605187014 0.41801074147224432 0.70710784196853649 -0.00018249285494675857 -0.00028154210303910071 -0.00023297352163353932 0.00017728400416672232 -0.00027946752379648382 0.16472868621349337 0.56330129504203807 -1.4493547677993772 -1.4020701646804807 0.0019644093699753289 0.00042319981730543082 0.35857143998146063 -8.6460313468705849e-05 0.00082853855565190326 0.0018582230550237002 0.29689963161945349 -0.72605806589126576 0.00094263418577611457 -0.83902016282081593 -1.8327622413635252 0.00091866910224780451 -0.23562496900558469 -0.00059906888054683794
decision_type=2 2 2 2 2 2 2 2 2 2 2 2 2 2 2 2 2 2 2 2 2 2 2 2 2 2 2 2 2 2
left_child=2 4 3 17 6 14 7 -2 10 27 -6 12 -11 -10 -3 26 -17 19 -19 -1 -13 24 -23 -8 -5 -16 -7 29 -29 -4
right_child=1 5 9 21 8 15 23 -9 13 11 -12 20 -14 -15 25 16 -18 18 -20 -21 -22 22 -24 -25 -26 -27 -28 28 -30 -31
leaf_value=0.0018662812751496047 0.001315474985477842 -0.006439973217015867 0.0044898674883591845 -0.00012069922564430939 0.00050619456064013389 -0.012810816107903576 -0.0016785907777654616 -0.00013353271475070861 -0.0017730719093088764 0.0040474474855076046 -0.0014304514415800335 -0.00097046500768132227 4.7397985647760567e-05 -0.00070354489466316892 0.0010975609220763649 -0.0023582812814502197 -0.0069503478772571878 0.00067217844227453031 -0.0037355303168824733 0.00087140091860511768 0.0015290507613801973 0.01137486296953413 -0.0032778767725024573 -0.00054170304547173861 -0.0042898892345473961 -0.00090617714081631811 0.0035069749786366317 -0.0042330271897276141 0.00056430881545734999 0.0010433296568683119
leaf_weight=16759.264230966568 7133.351393699646 252.96401596069336 701.9018669128418 18591.2691218853 7267.8182353973389 24.961929321289062 7017.8690338134766 46444.262774541974 19218.041320592165 750.14703497290611 3696.8920917510986 18575.157688140869 8788.3399683535099 12082.607353419065 1807.6967781931162 12970.801668211818 404.09690856933594 1989.4278986304998 701.54018379747868 20355.195558309555 1316.1808166503906 126.41887190937996 77.316143959760666 19955.482319056988 365.21093487739563 10534.503060400486 334.95653533935547 424.3657169342041 1256.2330760955811 4765.6716346740723
leaf_count=66608 28341 1004 2790 73853 28871 99 27870 184484 76316 2982 14682 73776 34911 47987 7181 51506 1604 7905 2786 80879 5229 503 307 79260 1450 41838 1331 1685 4991 18934
internal_value=-0.000268692 -0.000706197 0.000414265 0.000764946 -0.00051779 -0.00158502 -0.000240943 5.93889e-05 -0.00104542 -0.000151051 -0.00014677 -0.000426822 0.000361979 -0.00136022 -0.000729736 -0.00236934 -0.00249702 0.00119912 -0.000476919 0.00132065 -0.000805076 -0.00013706 0.00581424 -0.000837496 -0.000201022 -0.0006127 0.00237526 0.000984331 -0.00064706 0.00148578
internal_weight=244690 149146 95543.6 58965.6 122816 26330 80551 53577.6 42265.4 36578 10964.7 29429.8 9538.49 31300.6 12595.2 13734.8 13374.9 39805.4 2690.97 37114.5 19891.3 19160.2 203.735 26973.4 18956.5 12342.2 359.918 7148.17 1680.6 5467.57
internal_count=971963 592374 379589 234291 487811 104563 319955 212825 167856 145298 43553 116898 37893 124303 50023 54540 53110 158178 10691 147487 79005 76113 810 107130 75303 49019 1430 28400 6676 21724
is_linear=0
shrinkage=0.03


Tree=16
num_leaves=31
num_cat=0
split_feature=0 7 0 10 5 5 1 0 20 4 21 11 10 20 4 10 5 19 15 10 7 6 7 8 18 16 21 21 20 21
split_gain=76.5297 28.358 26.6569 19.9453 20.1133 13.6429 12.9539 12.8756 12.643 12.5938 11.3228 10.9992 10.7924 9.67391 9.64379 12.7004 9.49228 9.36495 8.2243 8.05704 7.48793 9.58932 7.4223 8.10071 8.2183 7.89775 7.36719 7.3526 5.81631 10.1056
threshold=-5.7080884289462113e-05 0.63245612382888805 0.0001711083605187014 0.0001135428174166009 9.0171324700349955e-05 -0.00028154210303910071 0.0003636914625531063 -0.00029778522730339313 0.00014312294661067429 0.13423423469066623 0.00077990276622585963 0.0016756600234657528 0.00035175142693333333 -0.00012794268695870412 0.56330129504203807 0.00010456969539518469 -0.00017683205078355965 1.0000000180025095e-35 0.00045043052523396915 -0.00017179425049107519 0.64400920271873485 0.0010864357464015486 0.91341829299926769 -0.46745933592319483 -0.021401155740022656 0.0015720474766567352 0.00016514367598574611 0.00016759308346081528 0.0003456818667473272 0.00062002227059565495
decision_type=2 2 2 2 2 2 2 2 2 2 2 2 2 2 2 2 2 2 2 2 2 2 2 2 2 2 2 2 2 2
left_child=3 2 8 4 9 11 14 10 16 13 -6 -4 -10 -1 15 -3 -2 -9 -11 -7 21 -8 28 24 -24 -25 -16 -22 29 -5
right_child=1 6 5 22 7 19 20 17 12 18 -12 -13 -14 -15 26 -17 -18 -19 -20 -21 27 -23 23 25 -26 -27 -28 -29 -30 -31
leaf_value=0.0023655093360118113 0.0010004338390982132 -5.1607096614263975e-05 0.00014609567878094782 -0.00016836561495281921 0.0018102842180377503 -0.00053563346785691791 -0.0035247110664594246 -0.0016697455175988412 -0.00055917037346513371 0.0014709828015540031 -0.00068577223996599604 -0.0035304694301983544 -0.0036195325164114869 -0.0011209049335118865 -0.0027195073542352283 -0.0016982996073372041 2.7835289962921779e-06 -1.4714804623444002e-05 -0.0004292303021946203 -0.0017207270214575124 -0.0043815399138609559 -0.017567659728997331 -0.00076208700845931696 -0.0022171023607592674 0.0031542221853705101 0.006198096365269864 -0.00099097784233003546 -0.0016074868796833008 -0.0010648043973823049 0.0013550095062441108
leaf_weight=909.68087720870972 11149.14218556881 16070.619911655784 10077.746826171875 14979.614972442389 5455.8489151000977 7166.3099613189697 167.2375074326992 4051.933550208807 11265.790643692017 31614.786129593849 2335.9310836791992 789.74154663085938 1142.2358913421631 3369.2292011976242 3512.0443015694618 5714.2437055110931 37297.091810852289 12789.397113472223 2192.0532217025757 18470.899816513062 895.48966725170612 59.275105357170105 2063.1874899864197 3747.4673215448856 629.35267496109009 103.13543939590454 6028.289288520813 21644.049584582448 3688.9776096343994 5307.8392753601074
leaf_count=3615 44295 63832 40031 59505 21679 28462 664 16092 44745 125641 9279 3136 4535 13383 13945 22692 148156 50803 8709 73350 3555 235 8195 14882 2501 410 23941 85954 14652 21089
internal_value=-0.000260633 -0.000676919 -0.000370934 0.000415554 0.000721633 -0.00101186 -0.00122766 5.36201e-05 1.35396e-05 0.00115369 0.00106198 -0.000121081 -0.000840896 -0.000379706 -0.000831879 -0.00048354 0.000232377 -0.000412906 0.00134777 -0.00138946 -0.00177224 -0.00719955 -0.00021345 -0.00110902 0.000153309 -0.00199171 -0.00162729 -0.0017177 3.09504e-05 0.000230197
internal_weight=244689 151450 97359 93238.4 62718.9 36504.7 54091.2 24633.1 60854.3 38085.7 7791.78 10867.5 12408 4278.91 31325.2 21784.9 48446.2 16841.3 33806.8 25637.2 22766.1 226.513 30519.6 6543.14 2692.54 3850.6 9540.33 22539.5 23976.4 20287.5
internal_count=971963 601528 386710 370435 249201 144979 214818 97853 241731 151348 30958 43167 49280 16998 124410 86524 192451 66895 134350 101812 90408 899 121234 25988 10696 15292 37886 89509 95246 80594
is_linear=0
shrinkage=0.03


Tree=17
num_leaves=31
num_cat=0
split_feature=0 5 10 20 5 1 10 0 3 15 10 23 23 15 18 18 17 9 18 23 13 15 1 10 22 13 23 9 9 20
split_gain=72.0566 24.0484 20.6216 18.1793 19.459 15.7124 14.3496 14.0574 13.1785 11.7862 11.7748 11.2255 11.0264 10.3291 10.1899 9.6317 9.56087 12.2069 11.0388 10.3234 9.19483 11.2397 9.11786 8.76226 8.39861 8.37773 8.1978 8.08863 7.87389 7.80598
threshold=5.5828493714216172e-05 1.0000000180025095e-35 -6.4907668274827288e-05 0.00055015590623952459 -0.00028154210303910071 0.00027214956935495144 -0.00018413662473903966 -5.7080884289462113e-05 0.11470783501863481 -0.00042028581083286548 -5.8868547057500102e-05 -0.021397157572209832 -0.97442474961280812 0.00019031910051126036 -0.091497570276260362 -1.5723537206649778 0.35067567229270941 0.41277891397476202 -0.80589643120765675 0.50438526272773754 1.4952118992805483 -0.0010302066220901904 0.0010200454271398487 0.0018582230550237002 0.53390806913375866 1.0885165333747866 2.0581154823303227 0.28759399056434637 0.092329546809196486 -0.00080593710299581278
decision_type=2 2 2 2 2 2 2 2 2 2 2 2 2 2 2 2 2 2 2 2 2 2 2 2 2 2 2 2 2 2
left_child=1 2 8 4 11 25 20 15 14 -9 -7 12 -2 27 -1 -8 17 19 -19 -5 21 -3 -13 -15 -18 -6 -26 -4 -22 -10
right_child=3 6 13 16 5 10 7 9 29 -11 -12 22 -14 23 -16 -17 24 18 -20 -21 28 -23 -24 -25 26 -27 -28 -29 -30 -31
leaf_value=0.001106594935996153 0.0017203721937325931 0.0075636232664475066 -0.00011738363239495034 0.0050455889473296689 -0.00062546289628440295 -0.00076694867200574634 0.0045751579978071258 0.0026590548146894167 0.0062780252433252467 -0.0014116680609313056 -0.0017345140298359054 0.0018674334726643629 -0.001113607605280246 -0.0008616721927142139 -0.00049526615131260975 -0.00022614438937911105 -0.011836836739697933 0.0038134908549603006 -0.0044623770573658256 -0.0016759282890537134 0.0078899846721642037 9.5378202479007282e-05 -0.0011030753438443842 0.0083067403392020744 -0.002689649627690091 0.00099094283006727563 -0.0069110005962987392 0.00065083841429211065 0.0017505370641837925 0.0017678386946783059
leaf_weight=11102.734266281128 1571.3622703552246 184.34224891662598 21291.223849028349 418.43249636888504 27336.714140892029 19440.096473455429 380.6671028137207 666.94746971130371 356.01518630981445 15923.494352340698 27099.183974504471 4567.4016036987305 5782.954402923584 9070.0707015991211 5270.7430896759033 30897.783531188965 110.65262320637703 173.13431680202484 894.43968975543976 404.40985918045044 207.20604507625103 11241.188077926636 1167.7482719421387 94.795097351074219 2406.412477761507 3226.4098033905029 500.07533013820648 29324.1703119874 2029.0201283246279 11547.297466278076
leaf_count=44116 6243 733 84579 1663 108575 77208 1513 2650 1416 63238 107616 18147 22968 36027 20938 122735 439 688 3551 1606 824 44655 4638 377 9556 12817 1985 116503 8062 45897
internal_value=-0.000252815 0.000157666 0.000475631 -0.000898487 -0.000801733 -0.000983295 -0.000297377 -0.000542126 0.00114315 -0.00124802 -0.00133035 0.000267741 -0.000508084 0.000159887 0.000590944 -0.000167711 -0.00267665 -0.0010038 -0.00312023 0.0017421 0.000560191 0.000215873 0.0012626 -0.00076684 -0.00372479 -0.000454826 -0.00341595 0.000327688 0.00231941 0.00190273
internal_weight=244687 149588 88057 95099.4 90191.9 77102.4 61530.6 47868.9 28276.8 16590.4 46539.3 13089.5 7354.32 59780.3 16373.5 31278.5 4907.56 1890.42 1067.57 822.842 13661.8 11425.5 5735.15 9164.87 3017.14 30563.1 2906.49 50615.4 2236.23 11903.3
internal_count=971963 594263 349853 377700 358212 306216 244410 190136 112367 65888 184824 51996 29211 237486 65054 124248 19488 7508 4239 3269 54274 45388 22785 36404 11980 121392 11541 201082 8886 47313
is_linear=0
shrinkage=0.03


Tree=18
num_leaves=31
num_cat=0
split_feature=0 7 0 4 10 3 20 6 3 3 10 11 22 10 16 8 21 12 20 0 15 6 7 15 3 18 6 3 16 20
split_gain=68.409 25.6776 23.9564 18.2466 17.3063 13.0962 11.8247 11.026 11.1247 10.6516 10.5752 19.8024 10.4632 10.0016 9.39803 9.23149 9.1332 8.52289 9.30891 13.324 9.14277 8.16352 7.71551 7.87792 7.09051 6.87101 6.8557 9.82707 9.56884 6.76392
threshold=-5.7080884289462113e-05 0.63245612382888805 0.0001711083605187014 0.11269841343164445 0.00011649580483208412 0.41619423031806951 0.00014312294661067429 0.00059324243920855235 -1.1885218024253843 2.5374268293380742 0.00063704414060339342 0.00069098552921786915 0.41277891397476202 0.00036195819848217076 0.0010168572771362963 -0.64994654059410084 0.00070897809928283106 0.26794873178005224 9.541074177832344e-05 -0.00015356265794252974 -0.00023297352163353932 0.000103076843515737 0.68496242165565502 0.0011628774809651079 0.3845216184854508 4.8329591751098642 0.00017584736633580181 -1.0784777402877805 0.00022707274911226707 -0.00016764225438237188
decision_type=2 2 2 2 2 2 2 2 2 2 2 2 2 2 2 2 2 2 2 2 2 2 2 2 2 2 2 2 2 2
left_child=3 2 6 17 5 24 15 8 16 -8 11 -4 -12 -10 -7 -2 -3 18 19 -1 -20 -6 25 -24 -5 -9 27 -19 -28 -23
right_child=1 7 10 4 21 14 9 22 13 -11 12 -13 -14 -15 -16 -17 -18 26 20 -21 -22 29 23 -25 -26 -27 28 -29 -30 -31
leaf_value=-0.0026708324612731145 -0.00040750861666501121 0.00058707783740060109 -0.0012235256567864293 0.00057887931691846101 0.003464053947116786 0.001292532151783897 -0.00070431796304815282 -0.0043318663798051346 -0.00094508744566838712 -0.0081553671348811342 -0.00066278756581452812 0.00049020280722802717 -0.0050880787948387289 -0.0031051130842346696 0.0036124036809969087 0.00049812636470248847 0.0080208596617642684 0.0068541319404879873 0.004382193788569801 0.0024323467007218548 -0.0029530306502632804 0.00059889555531268755 -0.0015471683480820595 -0.0063400048720022306 -0.0030979504530886819 0.013332263567504313 -0.0041418600514699228 -0.00053156514398816309 -0.0011858312774583272 -0.00046304522007746584
leaf_weight=586.9873198568821 14425.157905578613 2076.921323299408 26706.436379432678 37147.025802969933 572.94518852233887 16104.802599906921 12232.854849815369 1374.508224517107 38269.329625964165 175.14523410797119 870.37569043040276 7852.8221654891968 1074.5183983147144 2031.7006287574768 1741.5934677124023 34020.934552416205 160.22108316421509 179.59341239929199 180.12693250179291 2136.2896724790335 1012.8794680833817 7595.6857729256153 9839.0685991942883 318.64785099029541 478.10933589935303 20.108806133270264 1324.6056389063597 1668.134014710784 3850.4995857030153 18657.792588204145
leaf_count=2331 57299 8250 106062 147590 2277 64006 48585 5457 151987 695 3457 31194 4266 8067 6924 135152 637 714 716 8489 4022 30177 39075 1265 1899 80 5259 6626 15293 74112
internal_value=-0.000245232 -0.000638814 -0.000347649 0.000394079 0.000547087 0.000849621 1.68297e-05 -0.00116289 -0.000939676 -0.000809493 -0.000955251 -0.000834119 -0.00310768 -0.00105398 0.00151892 0.000228467 0.00111948 -0.000757045 0.00036431 0.00133238 -0.00184552 -7.84922e-05 -0.0019848 -0.00169752 0.000532157 -0.00407717 -0.00138237 0.000186302 -0.00194245 -0.000155803
internal_weight=244686 151449 97358.2 93237.1 82298 55471.5 60854.1 54090.5 42538.2 12408 36504.2 34559.3 1944.89 40301 17846.4 48446.1 2237.14 10939.1 3916.28 2723.28 1193.01 26826.4 11552.3 10157.7 37625.1 1394.62 7022.83 1847.73 5175.11 26253.5
internal_count=971963 601528 386710 370435 326985 220419 241731 214818 168941 49280 144979 137256 7723 160054 70930 192451 8887 43450 15558 10820 4738 106566 45877 40340 149489 5537 27892 7340 20552 104289
is_linear=0
shrinkage=0.03


Tree=19
num_leaves=31
num_cat=0
split_feature=2 4 4 10 7 20 15 20 6 14 10 18 23 23 16 8 20 23 1 3 18 20 20 15 15 3 3 2 6 6
split_gain=42.5415 23.5589 19.3948 18.3806 16.9939 16.5419 14.8518 15.3118 14.8113 15.4656 14.6375 11.9561 11.7009 10.7409 9.60281 9.64719 9.11222 8.69732 8.47846 7.98786 7.5181 7.07175 10.9753 8.94018 6.85603 7.36392 6.3804 6.35834 12.0165 7.15224
threshold=0.62605932354927074 0.57275134325027477 0.078461539000272765 -0.00018754982011159879 0.71366459131240856 0.00055015590623952459 -1.0000000180025095e-35 0.00014312294661067429 0.0001672473881626502 0.70080643892288219 5.4617947171209387e-05 4.2295689582824716 5.8214249610900888 0.43620473146438604 0.00014449300942942503 -0.21044395864009854 0.00057114980882033717 -0.95446503162384022 0.00029269291553646331 2.1606342792510991 -1.0948341488838194 -6.1376049416139708e-05 -8.3759106928482638e-05 0.00053564255358651291 0.00011380124487914146 3.0993118286132817 -1.6663854718208311 0.30839161574840551 0.0014798473566770556 0.00012769353634212169
decision_type=2 2 2 2 2 2 2 2 2 2 2 2 2 2 2 2 2 2 2 2 2 2 2 2 2 2 2 2 2 2
left_child=1 3 8 24 5 11 12 -8 14 26 16 -4 -5 -7 15 -2 18 -11 -3 -18 -16 22 -6 -23 -1 -26 -10 29 -29 -12
right_child=2 10 4 6 21 13 7 -9 9 17 27 -13 -14 -15 20 -17 19 -19 -20 -21 -22 23 -24 -25 25 -27 -28 28 -30 -31
leaf_value=0.0010820751711580485 -0.00083657873285755387 0.00058847809451455311 -0.00056404304347465136 0.00016661242089494494 -0.0011983418060589309 -0.0010282775754880125 -0.00042693671403187984 -0.001710968905066301 0.0085829510754967184 0.0018166240575355303 0.0013698499582548069 0.0037698778648059916 -0.0089757582560173414 -0.0048264306488100357 -0.0036538807003084445 0.0030154233003690909 -0.0023117382228002273 -0.0027213447529799411 0.0016490992177757595 0.0080012526605894828 0.0031347983197589848 -0.0018362551311122627 0.0031825988460533611 -0.0054120561371082459 8.3270692023813532e-05 -0.0061795250798263139 0.00016211760875850821 0.0010756362278860137 0.014245329548119851 -0.00047697841686106257
leaf_weight=12188.199802398682 2081.1855030059814 12395.507174298167 50166.53502856195 31644.875568389893 8803.0627708435059 1336.3996210098267 39422.064337566495 10607.225315093994 81.736966133117676 435.93906688690186 2178.2650520801544 579.5057373046875 126.49626922607422 1344.0052862167358 155.89972591400146 814.0301593542099 1018.3565579652786 2967.8500933945179 14981.904940187931 72.398725390434265 2520.3723714500666 14449.451755315065 546.62271881103516 657.9306526184082 7682.9611968994141 172.77199935913086 8749.7087406814098 2312.3558480739594 64.082627773284912 14126.709886074066
leaf_count=48428 8266 49249 199253 125710 34961 5308 156593 42126 325 1732 8655 2303 502 5336 619 3235 4045 11785 59542 288 10015 57381 2172 2612 30522 686 34756 9187 255 56116
internal_value=-0.000237877 7.91337e-05 -0.000731477 -0.000177542 -0.000935697 -0.000635872 -0.000377043 -0.000699178 0.000161748 -0.000422107 0.000633561 -0.000514551 0.000130212 -0.00293274 0.00144392 0.000246465 0.00106176 -0.00214015 0.00116889 -0.00162721 0.00273934 -0.00159067 -0.000942213 -0.00199198 0.000636635 -5.44677e-05 0.000240054 -1.89551e-05 0.00143077 -0.000230251
internal_weight=244684 148994 95690.2 101845 77883.5 53426.4 81800.7 50029.3 17806.7 12235.2 47149.6 50746 31771.4 2680.4 5571.49 2895.22 28468.2 3403.79 27377.4 1090.76 2676.27 24457.1 9349.69 15107.4 20043.9 7855.73 8831.45 18681.4 2376.44 16305
internal_count=971963 591904 380059 404567 309326 212200 324931 198719 70733 48598 187337 201556 126212 10644 22135 11501 113124 13517 108791 4333 10634 97126 37133 59993 79636 31208 35081 74213 9442 64771
is_linear=0
shrinkage=0.03


Tree=20
num_leaves=31
num_cat=0
split_feature=0 5 0 5 12 10 22 12 17 1 14 16 10 5 11 1 0 4 23 13 11 16 8 17 23 5 8 11 0 23
split_gain=61.8406 24.1641 17.988 17.888 17.6305 14.7814 14.0924 13.0618 12.5555 11.5508 13.2491 11.5043 11.0687 12.7739 12.428 10.9531 9.8297 9.60492 8.53365 10.0471 7.66177 13.8624 7.89827 7.38847 8.86123 8.27193 7.38568 7.23172 7.06544 6.96144
threshold=-5.7080884289462113e-05 0.00012078753570676783 0.00016233107453444975 0.00019674066425068307 0.65450927615165722 -8.3354174421401681e-05 0.80277779698371898 0.62331080436706554 0.61591148376464855 0.00035513465991243725 0.1123737394809723 0.00010124019172508271 0.00020128149481024596 5.6900622439570732e-05 0.00036969942448195075 0.0015624491497874262 -5.8930991144734428e-05 0.078461539000272765 -0.73521059751510609 0.84446540474891674 9.5106759545160471e-05 8.6666375864297165e-05 -0.72605806589126576 0.31339286267757421 0.010072778910398485 0.00091334633179940294 -0.46745933592319483 0.00056885517551563691 -0.0018190860864706335 0.80775240063667308
decision_type=2 2 2 2 2 2 2 2 2 2 2 2 2 2 2 2 2 2 2 2 2 2 2 2 2 2 2 2 2 2
left_child=3 2 6 5 20 9 7 -2 15 11 -11 -1 14 -14 -4 28 17 -7 19 -10 21 -3 -22 24 -6 -25 -20 -17 -5 -8
right_child=1 4 12 8 23 16 29 -9 18 10 -12 -13 13 -15 -16 27 -18 -19 26 -21 22 -23 -24 25 -26 -27 -28 -29 -30 -31
leaf_value=0.0033107853665419219 0.00057252020707106589 0.0029708779411858131 -0.0011968825504326374 0.014293898318898135 -0.0022560896085716056 -0.00089494326446088314 -0.00053602320039023842 -0.00040158072810261722 -0.0024718197632476557 0.0049655108151427495 0.0014805845049329287 5.2262789791936809e-05 -0.0021803214841061222 0.0021169196165331272 -2.6306508185704599e-06 0.016904481424074226 0.0046665694595021713 0.00040745258899601319 0.0012563434016893223 -0.010261519957713109 0.00027980025926160673 -0.0056144361954405001 -0.00098775663545548425 -0.0024393499084397578 0.00051398526146117368 -0.0065127768855897401 -0.0013466404030801108 0.0031259673848024212 -7.2232158270434013e-05 -0.002132814197305172
leaf_weight=1095.1726013720036 30063.35607150197 224.49531412124634 16502.214736938477 30.892410278320312 2589.2601138949394 5796.824219211936 18105.9156114012 21073.327322363853 1551.5448760986328 1058.7135003656149 13522.528000488877 8896.0192283093929 7936.3591470718384 675.56236171722412 14944.669418334961 36.166233360767365 457.87709426879883 42167.988036647439 1225.57035779953 164.85322761535645 5696.7050819396973 688.02557499706745 19807.090369224548 8086.197667106986 1736.2678213119507 475.02995681762695 4917.0885834544897 658.38940018415451 11656.301490798593 2843.0728416442871
leaf_count=4353 119432 892 65537 123 10282 23024 71914 83702 6161 4210 53749 35345 31516 2684 59361 144 1820 167535 4869 654 22628 2731 78665 32111 6897 1886 19528 2617 46303 11290
internal_value=-0.000230741 -0.000604952 -0.000380616 0.000377107 -0.00124506 0.000595923 -9.738e-05 0.000171095 -0.000412015 0.00119521 0.00173362 0.000409442 -0.000890297 -0.00184322 -0.000629332 0.000183261 0.000291812 0.000250051 -0.00134986 -0.00321999 -0.000801269 -0.00350231 -0.000704626 -0.00215477 -0.00114418 -0.00266537 -0.000827299 0.00384343 -3.42586e-05 -0.00075273
internal_weight=244683 151448 112144 93235.9 39303.1 72995.1 72085.7 51136.7 20240.8 24572.4 14581.2 9991.19 40058.8 8611.92 31446.9 12381.7 48422.7 47964.8 7859.06 1716.4 26416.3 912.521 25503.8 12886.8 4325.53 8561.23 6142.66 694.556 11687.2 20949
internal_count=971963 601528 445436 370435 156092 290036 286338 203134 80399 97657 57959 39698 159098 34200 124898 49187 192379 190559 31212 6815 104916 3623 101293 51176 17179 33997 24397 2761 46426 83204
is_linear=0
shrinkage=0.03


Tree=21
num_leaves=31
num_cat=0
split_feature=0 5 20 5 10 1 10 10 18 15 0 5 23 11 10 23 20 20 5 0 10 5 11 15 23 10 15 9 10 18
split_gain=58.5483 21.708 15.946 17.8229 13.7203 13.6366 12.8615 14.0528 13.937 12.2836 10.9925 15.8325 10.5129 14.5204 10.396 10.3548 10.0811 9.58713 7.93883 7.82816 8.0774 7.59138 7.5034 6.71677 6.34221 12.9037 7.85695 6.69901 12.317 5.7123
threshold=5.5828493714216172e-05 -8.0932339187711464e-05 0.00055015590623952459 -0.00028154210303910071 -8.9557586761657135e-05 0.00027214956935495144 0.00011649580483208412 0.00013577271602116528 0.65168491005897533 8.4929295553592979e-05 -0.0004231652856105938 0.00034292964846827095 -0.021397157572209832 0.0016756600234657528 -5.8868547057500102e-05 -0.97442474961280812 0.00023692471586400646 0.0010216560913249852 0.00039739988278597599 -0.00012809428153559563 -9.1029083705507205e-05 0.0018830965273082258 0.00087338630692102026 0.00042319981730543082 2.0581154823303227 -0.001356339664198458 0.0010405274806544187 0.41763564944267279 -0.00024393962667090816 -1.8391555547714231
decision_type=2 2 2 2 2 2 2 2 2 2 2 2 2 2 2 2 2 2 2 2 2 2 2 2 2 2 2 2 2 2
left_child=1 4 3 12 19 18 10 8 -8 22 17 -12 15 -14 -7 -2 -11 -3 -5 23 -21 -9 -6 -1 27 -26 -27 28 -4 -29
right_child=2 6 24 5 9 14 7 21 -10 16 11 -13 13 -15 -16 -17 -18 -19 -20 20 -22 -23 -24 -25 25 26 -28 29 -30 -31
leaf_value=0.0024238843440811718 0.001717042048139923 0.001523401276692937 0.0030451881156885034 -0.00034444553137318588 0.00091732839723989313 -0.00068292772178389128 -0.0029914699684587018 -0.00040405569335725112 0.0012381654466027238 -5.6684224987819175e-05 0.00015198292113065637 -0.0013137608213434021 0.0016543491898871479 -0.0046741216722007801 -0.0015920915913644296 -0.0010292835573437679 -0.0024089910608310829 -0.0047567254608676052 -0.0048733725327313416 0.00057139302030723529 0.0095066722997415084 0.0058580453244480822 -0.0011434953634467679 -2.8322267786764457e-05 0.015342804464765948 -0.0048121801055272407 -0.017968211263849627 0.0084907584225183755 -0.0023161918459871293 -0.0032424718920925229
leaf_weight=6832.0014495849609 1571.3525428771973 6099.0865859985352 569.00399875640869 30210.480807065964 19918.010555267334 19439.775607466698 3671.5953884124756 22640.670213699341 866.6364688873291 9670.7339630126953 60156.249287813902 7454.3778266906738 5387.7700929641724 347.34123229980469 27098.052702307701 5782.9779891967773 1974.4644393920898 226.91263580322266 352.40765619277954 6899.3736610412598 92.271518707275391 175.58131217956543 1728.0307197570801 1178.7261810302734 27.628229141235352 781.23517155647278 43.109579801559448 37.973696649074554 1196.8041344285011 2251.2785758972168
leaf_count=27163 6243 24238 2261 119993 79138 77208 14579 89931 3443 38418 238980 29605 21406 1379 107616 22968 7841 901 1399 27413 367 698 6864 4684 110 3102 171 151 4753 8940
internal_value=-0.00022382 0.000146193 -0.000805839 -0.000715226 0.000669587 -0.000888991 -0.000103351 -0.000659123 -0.00218376 0.000330138 0.000102269 -9.62196e-06 0.000308301 0.00127107 -0.00121232 -0.000442494 -0.000455522 0.00129813 -0.000396667 0.00142284 0.000689315 -0.000355866 0.00075281 0.00206306 -0.0024713 -0.00482427 -0.00550018 -0.00197693 -0.000588571 -0.00304784
internal_weight=244682 149585 95097.2 90190.2 48293.6 77100.7 101291 27354.5 4538.23 33291.2 73936.6 67610.6 13089.4 5735.11 46537.8 7354.33 11645.2 6326 30562.9 15002.4 6991.65 22816.3 21646 8010.73 4907.03 851.973 824.345 4055.06 1765.81 2289.25
internal_count=971963 594263 377700 358212 191888 306216 402375 108651 18022 132261 293724 268585 51996 22785 184824 29211 46259 25139 121392 59627 27780 90629 86002 31847 19488 3383 3273 16105 7014 9091
is_linear=0
shrinkage=0.03


Tree=22
num_leaves=31
num_cat=0
split_feature=0 5 22 0 5 7 20 10 6 10 15 15 5 1 16 12 22 0 4 1 0 6 6 0 15 0 7 16 4 0
split_gain=55.7422 22.161 17.4113 16.5405 16.2484 13.7734 14.0492 13.0463 13.0283 14.7809 12.0192 10.7685 14.3143 13.0244 9.45784 10.0816 9.6066 9.23897 9.01478 8.97459 8.60851 11.8155 10.9174 7.42133 7.32592 9.05821 7.77119 6.91474 8.40141 6.83908
threshold=-5.7080884289462113e-05 0.00037745345616713172 0.18808962404727939 0.00013781223242403942 0.00019674066425068307 0.6264534890651704 -0.00064149170066229988 -8.3354174421401681e-05 0.00024959960137493914 0.00063704414060339342 -0.00011978916882071643 0.00042319981730543082 0.00018845700833480808 0.00035513465991243725 0.00037524457729887223 0.39208073914051061 0.11180555447936059 -5.8930991144734428e-05 0.078461539000272765 0.00034783616138156509 -0.00027946752379648382 0.00082838523667305719 0.00097059106337837886 -0.00033475324744358653 0.0011628774809651079 0.00021685505635105076 0.94804319739341747 0.00085586082423105847 0.79361054301261913 -0.00019389866065466774
decision_type=2 2 2 2 2 2 2 2 2 2 2 2 2 2 2 2 2 2 2 2 2 2 2 2 2 2 2 2 2 2
left_child=4 3 14 5 7 10 -7 11 19 -10 -2 13 -13 -1 16 -16 -3 18 -9 -5 21 23 -23 -6 26 -26 -4 29 -29 -22
right_child=1 2 24 8 20 6 -8 17 9 -11 -12 12 -14 -15 15 -17 -18 -19 -20 -21 27 22 -24 -25 25 -27 -28 28 -30 -31
leaf_value=0.0005048507093211663 0.00086392225383340312 0.0024311493462243379 -0.0017263578406368208 -0.0010760369342450184 0.00073277732086906352 -0.0071735383373479258 -0.00066766526870551911 -0.00086690117528445167 -0.00046292251015556352 -0.0029134042517187072 -0.00017449056011280549 -0.0011778221994006653 0.015918427630547877 0.0019673008036471189 0.0017597611704296507 -0.0025056232532402645 0.015236417507894741 0.0045242069332325306 0.00039484892827616432 -0.0026393686181918458 -0.0024351951305242626 -0.0037827708956767801 -5.9801644185451257e-05 0.0038110104331407504 0.0021182434361343705 -0.010981929958249466 -0.0036816743840954245 0.00074766883750063248 0.02091963041910366 -0.00070868240906907807
leaf_weight=9692.8986728191376 13114.216716766357 492.03286676108837 5834.6785921156406 8856.7091990709305 4337.3739891052246 301.85803031921387 28849.295778274536 5796.8434947431087 38699.197744488716 2349.8610476255417 42680.724726334214 2221.5162830352783 44.968976974487305 12611.987809419632 890.30612051486969 1133.8823031187057 59.055754661560059 457.85661315917969 42167.699481636286 5272.1813877820969 2961.955623626709 934.09483337402344 2940.4171524047852 841.67524337768555 64.169515043497086 182.91219195723534 2664.8596590012312 1388.260494992137 18.834368899464607 6818.1034736633301
leaf_count=38514 52100 1955 23173 35174 17232 1198 114579 23024 153707 9332 169538 8826 179 50138 3537 4503 235 1820 167535 20935 11762 3709 11681 3345 255 726 10581 5515 75 27080
internal_value=-0.000217107 -0.000572389 -0.00184908 -0.000469234 0.000359997 -0.00020654 -0.000735033 0.000568546 -0.00087365 -0.000603201 6.95812e-05 0.00113157 -0.000838618 0.00133177 0.000319052 -0.000629564 0.00380339 0.000282845 0.000242358 -0.00165939 -0.00039209 0.000295647 -0.000957361 0.00123304 -0.00248744 -0.00757969 -0.00233941 -0.000948663 0.00101768 -0.00123157
internal_weight=244680 151446 11321.9 140124 93234.5 84946.1 29151.2 72993.8 55177.9 41049.1 55794.9 24571.4 2266.49 22304.9 2575.28 2024.19 551.089 48422.4 47964.5 14128.9 20240.7 9053.56 3874.51 5179.05 8746.62 247.082 8499.54 11187.2 1407.09 9780.06
internal_count=971963 601528 44965 556563 370435 337415 115777 290036 219148 163039 221638 97657 9005 88652 10230 8040 2190 192379 190559 56109 80399 35967 15390 20577 34735 981 33754 44432 5590 38842
is_linear=0
shrinkage=0.03


Tree=23
num_leaves=31
num_cat=0
split_feature=2 4 4 5 6 14 15 20 5 15 5 5 20 24 11 18 3 16 6 5 5 5 1 5 9 20 3 20 20 20
split_gain=33.9024 19.9115 16.998 16.9209 13.7809 14.5162 13.1991 11.8395 14.38 11.8935 11.6134 11.5109 9.97439 9.72841 9.27483 13.0922 9.07656 9.05053 8.87487 8.39812 7.97768 7.93528 7.89254 7.83845 7.82935 7.4931 6.87775 6.44233 11.3646 10.0935
threshold=0.62605932354927074 0.57275134325027477 0.078461539000272765 0.00091334633179940294 0.0001672473881626502 0.70080643892288219 -1.0000000180025095e-35 0.00055015590623952459 -0.00028154210303910071 -0.00026306559448130423 5.6900622439570732e-05 -8.8511242211097838e-05 0.00010961006046272816 0.18019481003284457 0.000108947297121631 0.75746244192123424 -0.63704818487167347 0.00014449300942942503 5.6171886171796366e-05 -0.00057682479382492591 -0.0001783272891771048 -0.00023911527387099338 0.00028152360755484557 0.00035785643558483576 0.93440860509872448 1.0000000180025095e-35 1.220669209957123 5.9923297158093198e-05 5.5756900110282011e-05 6.0830951042589738e-05
decision_type=2 2 2 2 2 2 2 2 2 2 2 2 2 2 2 2 2 2 2 2 2 2 2 2 2 2 2 2 2 2
left_child=1 6 4 7 17 20 18 8 -4 -9 12 27 -8 26 23 -16 -12 25 22 -7 -6 -19 -1 -13 -20 -2 -5 28 -3 -29
right_child=2 11 3 13 5 19 10 9 -10 -11 16 14 -14 -15 15 -17 -18 21 24 -21 -22 -23 -24 -25 -26 -27 -28 29 -30 -31
leaf_value=-0.0039166988971578642 0.0012904850713413862 0.0016431384364639541 0.00036246320732121623 -0.0022559276088332273 0.0019645847488314375 0.0077384130976755955 0.00018252840218978481 0.00015902138395371449 -0.00086829281737654167 -0.0036078285693304742 2.1025379390350382e-06 0.0018950015513577703 -0.00088093362192179193 -0.0053941488686601504 -0.00022888202039624334 0.0014039516308461566 -0.0013306244887422549 -0.016553050947031762 0.00050614595666690937 -0.002269718430047299 -0.00021457267607180805 0.0028181230786073421 0.0066778134477851617 -0.011450136158000975 -0.00068470783005660136 -0.0019994229512818331 0.0086738638563707299 -0.013406736081821887 0.011108844630040136 0.00060575024032035601
leaf_weight=690.5904868543148 1987.7525287717581 9062.7832145690918 9882.1142063140869 157.6182349473238 1936.6658132225275 77.21184515953064 27902.738497748971 1081.1559400558472 63095.902748629451 2496.0036578178406 6320.9487380981445 3371.0634417384863 11093.221546173096 1091.2945400923491 23124.717972874641 5463.6665371656418 16884.657569885254 19.169671058654785 33032.560278743505 3326.5488627851009 6894.6943303495646 2657.0707979649305 69.668843895196915 40.082982957363129 5848.5434886515141 907.54184152185917 77.192914962768555 46.629472732543945 115.61005973815918 5923.3774070739746
leaf_count=2742 7897 36019 39256 626 7695 307 110852 4295 250597 9912 25108 13396 44063 4333 91869 21711 67059 76 131235 13210 27386 10558 277 159 23231 3604 307 185 460 23538
internal_value=-0.000210595 7.24051e-05 -0.000651241 -0.000842432 0.000184972 -0.000378215 -0.000163566 -0.000784232 -0.000701633 -0.00246934 -0.000436214 0.00058212 -0.000119996 -0.00420224 0.000259601 8.31768e-05 -0.000967604 0.00142173 0.000264248 -0.00204269 0.000263304 0.00267937 -0.00294584 0.00173819 0.000327016 0.00025925 0.00133718 0.00126341 0.00176237 0.000496304
internal_weight=244679 148991 95687.9 77881.3 17806.7 12235.1 101843 76555.2 72978 3577.16 62201.6 47147.9 38996 1326.11 31999.5 28588.4 23205.6 5571.53 39641.4 3403.76 8831.36 2676.24 760.259 3411.15 38881.1 2895.29 234.811 15148.4 9178.39 5970.01
internal_count=971963 591904 380059 309326 70733 48598 404567 304060 289853 14207 247082 187337 154915 5266 127135 113580 92167 22135 157485 13517 35081 10634 3019 13555 154466 11501 933 60202 36479 23723
is_linear=0
shrinkage=0.03


Tree=24
num_leaves=31
num_cat=0
split_feature=0 5 22 0 5 5 15 6 3 18 16 15 12 5 23 20 15 23 2 5 8 0 6 6 0 15 0 3 14 0
split_gain=50.4725 20.1386 16.3715 15.0564 14.813 12.8245 15.13 12.1278 12.0102 10.5224 8.8748 9.47862 9.47552 8.655 8.6076 13.2215 11.635 8.54328 8.00082 8.8882 8.0211 7.96165 11.1135 10.2788 6.99913 6.82655 8.49384 6.67501 9.72612 8.33776
threshold=-5.7080884289462113e-05 0.00037745345616713172 0.18808962404727939 0.00013781223242403942 0.00019674066425068307 -8.0932339187711464e-05 -0.00011924636419280431 0.00024959960137493914 0.53554856777191173 4.8329591751098642 0.00037524457729887223 -6.4731204474810497e-05 0.39208073914051061 0.00018212724535260352 0.22884861379861834 -0.00016764225438237188 0.00012090070958947764 4.1657538414001474 0.077677227556705489 0.00012146609515184538 -1.3637948036193845 -0.00027946752379648382 0.00082838523667305719 0.00097059106337837886 -0.00033475324744358653 0.0011628774809651079 0.00021685505635105076 1.0595855712890627 0.90081965923309337 -0.00021191304404055697
decision_type=2 2 2 2 2 2 2 2 2 2 2 2 2 2 2 2 2 2 2 2 2 2 2 2 2 2 2 2 2 2
left_child=4 3 10 5 8 6 -2 13 14 -9 11 -3 -12 -5 16 -16 -1 -7 20 -20 -10 22 24 -24 -6 -4 -27 29 -29 -23
right_child=1 2 25 7 21 17 -8 9 18 -11 12 -13 -14 -15 15 -17 -18 -19 19 -21 -22 27 23 -25 -26 26 -28 28 -30 -31
leaf_value=0.00085931614080327176 0.0014754131302384876 0.010983674346614883 -0.0022355701357118494 -0.0014175862288231431 0.00071148127889556411 -0.00042780162524743711 -8.4911431738333371e-05 -0.00061830872438058181 0.014058352562223462 0.0041034646605051491 0.0017403993464908194 0.0015876186487930395 -0.0023948336051833291 -0.0048236209282851413 0.0012078548203370973 -0.00092479790196851506 -0.00027107292745587579 -0.0045070134872119538 0.0013380866299348318 0.0039803524089299103 0.00022320037338203021 -0.0022117320254305059 -0.0036685329052730058 -5.6116236080329821e-05 0.0037009132103404292 0.0020956492703991391 -0.01059045062669212 -0.0019294823619942284 -0.0096728928665638647 -0.00016465208198683629
leaf_weight=28047.952926635742 7503.3323707580566 124.96137756109238 8499.1258732527494 13421.763946056366 4337.3421211242676 55007.108395203948 21969.417453765869 40619.345804214478 37.936015367507935 429.25060081481934 890.30748961865902 426.13940514624119 1133.8157785087824 706.80608034133911 3576.0945701599121 9747.7160987854004 11577.897258758545 465.99187469482422 12282.370289295912 1263.6691904067993 6458.9550202190876 2343.9310836791992 934.11554718017578 2940.4140701293945 841.64768600463867 64.170065492391586 182.8421930372715 1087.8268669992685 168.61687384545803 7586.7856826782227
leaf_count=111447 29812 497 33754 53303 17232 218484 87269 161333 151 1706 3537 1693 4503 2806 14210 38721 45996 1850 48820 5023 25668 9308 3709 11681 3345 255 726 4320 669 30135
internal_value=-0.000204278 -0.000542351 -0.00175942 -0.000444017 0.000344874 -0.000193386 0.000312324 -0.000829868 0.000544001 -0.000568933 0.000342989 0.00371816 -0.000575958 -0.00158798 0.000307242 -0.000352397 0.000529039 -0.000462068 0.00116947 0.00158458 0.000303985 -0.000373225 0.000288171 -0.000927039 0.0011973 -0.00237845 -0.00729479 -0.000908477 -0.00296866 -0.000647821
internal_weight=244678 151444 11321.4 140123 93233.3 84945.9 29472.7 55177.2 72992.6 41048.6 2575.22 551.101 2024.12 14128.6 52949.7 13323.8 39625.9 55473.1 20042.9 13546 6496.89 20240.7 9053.52 3874.53 5178.99 8746.14 247.012 11187.2 1256.44 9930.72
internal_count=971963 601528 44965 556563 370435 337415 117081 219148 290036 163039 10230 2190 8040 56109 210374 52931 157443 220334 79662 53843 25819 80399 35967 15390 20577 34735 981 44432 4989 39443
is_linear=0
shrinkage=0.03


Tree=25
num_leaves=31
num_cat=0
split_feature=0 5 22 5 0 16 5 16 23 6 23 0 8 12 14 20 23 3 16 2 13 20 20 5 3 22 5 20 12 20
split_gain=47.5157 17.884 15.0177 14.7164 13.6911 13.4735 12.1746 11.7621 13.3362 11.4114 10.9881 10.7969 10.7821 9.64498 11.2776 9.56677 9.20281 8.63587 10.3756 8.55652 8.26135 8.02428 7.9324 7.64222 7.49431 7.31244 6.92216 6.2203 5.22984 7.54063
threshold=-1.0000000180025095e-35 0.00037745345616713172 0.18808962404727939 9.0171324700349955e-05 0.00013781223242403942 0.00016793786926427859 -8.0932339187711464e-05 6.0072688938817016e-05 -0.1292864382266998 0.00024959960137493914 -0.67325860261917103 -0.0001225940868607722 -1.8327622413635252 0.41277891397476202 0.092329546809196486 0.00013527680857805538 4.1657538414001474 -1.1204401850700376 0.00032078356889542198 0.8550420105457307 5.8484680652618417 -0.00023130746558308599 0.00063926813891157519 8.6132644355529933e-05 0.36860324442386633 0.49390244483947759 0.00038852050784043973 0.00055015590623952459 0.18301435559988025 -0.001153894350863993
decision_type=2 2 2 2 2 2 2 2 2 2 2 2 2 2 2 2 2 2 2 2 2 2 2 2 2 2 2 2 2 2
left_child=3 4 17 13 6 7 15 8 -5 19 12 -9 -7 20 23 -2 -8 26 -19 -6 24 -16 -12 -15 -1 -22 -3 -11 29 -4
right_child=1 2 28 5 9 10 16 11 -10 27 22 -13 -14 14 21 -17 -18 18 -20 -21 25 -23 -24 -25 -26 -27 -28 -29 -30 -31
leaf_value=0.00070538042087677085 0.00059453677159118981 -0.013117293934250792 -0.018026765937554402 0.0049784773043835022 -0.0025407460876687472 0.009021234231260224 -0.0004256458376743079 -0.00073038713930298547 -0.0045340870807998694 -0.00044641303761514477 0.0005458275311443629 -0.0036806323075954275 -0.0010150824060774033 0.0012072674830451062 0.0011301543739467121 -0.00071402359264256473 -0.0047284469525322049 0.0043920996000948393 -0.00098619578209376457 -0.00099550722426782292 -0.017838646959488197 -0.00020072878039025459 -0.0017657812476616097 0.0089194916500094628 0.001821816952012739 -0.00062348089137250319 0.0088468271252917282 -0.0018451573064686619 -0.0027081606266056196 -0.00083642960119169687
leaf_weight=14115.235448375344 22449.934314727783 14.120344400405882 23.209870338439941 456.87978827953339 4981.7093268036842 97.552894592285156 53341.870993405581 2370.6079335808754 186.90321266651154 37953.732457756996 22200.549963757396 2110.1751207709312 7732.7951278686523 7637.8355210572481 4942.9827966690063 6479.5726356506348 451.14720153808594 384.73637337982655 2006.0638983696699 9146.6372384428978 38.574412494897842 23279.847096592188 1421.5880519896746 117.41628646850586 8775.6824007034302 52.334881633520126 151.1430332660675 3094.7076362371445 6476.7287925928831 2183.8832162171602
leaf_count=56091 89188 56 92 1816 19782 388 211869 9416 742 150747 88198 8378 30714 30352 19642 25735 1791 1529 7968 36327 153 92486 5646 467 34892 208 601 12292 25723 8674
internal_value=-0.000198151 -0.000532758 -0.00168345 0.00032419 -0.000438967 -0.000148537 -0.000194835 -0.00157498 0.00221679 -0.000804977 8.38751e-05 -0.00211977 -0.000890047 0.000617456 0.000310789 0.000301448 -0.000461732 0.000337763 -0.000120701 -0.00154036 0.00109754 3.23638e-05 0.000406714 0.00132403 0.00113339 -0.00792818 0.00697018 -0.000551867 -0.00227838 -0.0010172
internal_weight=244676 149139 11239.9 95537 137899 36577.1 82722.5 5124.57 643.783 55176.8 31452.5 4480.78 7830.35 58959.9 35978.1 28929.5 53793 2556.06 2390.8 14128.3 22981.8 28222.8 23622.1 7755.25 22890.9 90.9093 165.263 41048.4 8683.82 2207.09
internal_count=971963 592374 44643 379589 547731 145298 328583 20352 2558 219148 124946 17794 31102 234291 142947 114923 213660 10154 9497 56109 91344 112128 93844 30819 90983 361 657 163039 34489 8766
is_linear=0
shrinkage=0.03


end of trees

feature_importances:
log_return_lag2=84
log_return_lag1=83
log_return_lag3=72
log_return_lag5=63
log_return_lag4=48
vol_zscore_lag1=42
vol_zscore_lag5=41
hl_range_lag2=36
vol_zscore_lag4=31
body_ratio_lag1=28
close_pos_lag2=25
hl_range_lag1=24
vol_zscore_lag2=24
hl_range_lag3=24
close_pos_lag3=23
hl_range_lag4=20
close_pos_lag4=20
close_pos_lag5=20
body_ratio_lag2=16
close_pos_lag1=15
hl_range_lag5=14
body_ratio_lag3=11
vol_zscore_lag3=8
body_ratio_lag4=5
body_ratio_lag5=3

parameters:
[boosting: gbdt]
[objective: binary]
[metric: binary_logloss]
[tree_learner: serial]
[device_type: gpu]
[data_sample_strategy: bagging]
[data: ]
[valid: ]
[num_iterations: 300]
[learning_rate: 0.03]
[num_leaves: 31]
[num_threads: 0]
[seed: 42]
[deterministic: 0]
[force_col_wise: 1]
[force_row_wise: 0]
[histogram_pool_size: -1]
[max_depth: 5]
[min_data_in_leaf: 50]
[min_sum_hessian_in_leaf: 0.001]
[bagging_fraction: 0.7]
[pos_bagging_fraction: 1]
[neg_bagging_fraction: 1]
[bagging_freq: 0]
[bagging_seed: 400]
[bagging_by_query: 0]
[feature_fraction: 0.8]
[feature_fraction_bynode: 1]
[feature_fraction_seed: 30056]
[extra_trees: 0]
[extra_seed: 12879]
[early_stopping_round: 0]
[early_stopping_min_delta: 0]
[first_metric_only: 0]
[max_delta_step: 0]
[lambda_l1: 0]
[lambda_l2: 0]
[linear_lambda: 0]
[min_gain_to_split: 0]
[drop_rate: 0.1]
[max_drop: 50]
[skip_drop: 0.5]
[xgboost_dart_mode: 0]
[uniform_drop: 0]
[drop_seed: 17869]
[top_rate: 0.2]
[other_rate: 0.1]
[min_data_per_group: 100]
[max_cat_threshold: 32]
[cat_l2: 10]
[cat_smooth: 10]
[max_cat_to_onehot: 4]
[top_k: 20]
[monotone_constraints: ]
[monotone_constraints_method: basic]
[monotone_penalty: 0]
[feature_contri: ]
[forcedsplits_filename: ]
[refit_decay_rate: 0.9]
[cegb_tradeoff: 1]
[cegb_penalty_split: 0]
[cegb_penalty_feature_lazy: ]
[cegb_penalty_feature_coupled: ]
[path_smooth: 0]
[interaction_constraints: ]
[verbosity: -1]
[saved_feature_importance_type: 0]
[use_quantized_grad: 0]
[num_grad_quant_bins: 4]
[quant_train_renew_leaf: 0]
[stochastic_rounding: 1]
[linear_tree: 0]
[max_bin: 255]
[max_bin_by_feature: ]
[min_data_in_bin: 3]
[bin_construct_sample_cnt: 200000]
[data_random_seed: 175]
[is_enable_sparse: 1]
[enable_bundle: 1]
[use_missing: 1]
[zero_as_missing: 0]
[feature_pre_filter: 1]
[pre_partition: 0]
[two_round: 0]
[header: 0]
[label_column: ]
[weight_column: ]
[group_column: ]
[ignore_column: ]
[categorical_feature: ]
[forcedbins_filename: ]
[precise_float_parser: 0]
[parser_config_file: ]
[objective_seed: 16083]
[num_class: 1]
[is_unbalance: 1]
[scale_pos_weight: 1]
[sigmoid: 1]
[boost_from_average: 1]
[reg_sqrt: 0]
[alpha: 0.9]
[fair_c: 1]
[poisson_max_delta_step: 0.7]
[tweedie_variance_power: 1.5]
[lambdarank_truncation_level: 30]
[lambdarank_norm: 1]
[label_gain: ]
[lambdarank_position_bias_regularization: 0]
[eval_at: ]
[multi_error_top_k: 1]
[auc_mu_weights: ]
[num_machines: 1]
[local_listen_port: 12400]
[time_out: 120]
[machine_list_filename: ]
[machines: ]
[gpu_platform_id: -1]
[gpu_device_id: -1]
[gpu_use_dp: 0]
[num_gpu: 1]

end of parameters

pandas_categorical:null
