tree
version=v4
num_class=1
num_tree_per_iteration=1
label_index=0
max_feature_idx=25
objective=binary sigmoid:1
feature_names=return_1 return_5 return_15 realized_vol_20 hl_range hl_range_zscore volume_zscore_20 volume_zscore_50 volume_ratio_5 volume_accel up_vol_ratio_10 cvd_delta cvd_cumsum_10 cvd_cumsum_30 cvd_slope_10 close_position close_pos_zscore body_ratio obi_est obi_est_5 microprice_est microprice_vs_mid ofi_est_10 ofi_est_30 spread_proxy spread_zscore
feature_infos=[-9.829071044921875:9.8362941741943359] [-9.6815900802612305:9.6881599426269531] [-9.446293830871582:9.5017509460449219] [-5.6014552116394043:9.867487907409668] [-2.9219779968261719:9.7443933486938477] [-3.1995105743408203:6.9296464920043945] [-3.3196749687194824:4.2455072402954102] [-3.2587354183197021:6.9176197052001953] [-3.8866467475891113:6.7030425071716309] [-3.8624463081359863:4.1449875831604004] [-3.77486252784729:4.9862661361694336] [-9.7274675369262695:9.8333511352539062] [-9.3889827728271484:9.4774808883666992] [-9.0950679779052734:9.2831554412841797] [-8.6820249557495117:9.129511833190918] [-2.1264381408691406:3.2814180850982666] [-2.8910758495330811:4.2485289573669434] [-1.9506436586380005:9.8999996185302734] [-0.83944940567016602:9.8999996185302734] [-778458816:1.3089999826752558e+24] [-9.8999881744384766:9.4802303314208984] [-9.8999757766723633:9.463435173034668] [-59.663768768310547:17.279481887817383] [-63.575836181640625:30.401178359985352] [-2.9219779968261719:9.7443933486938477] [-3.1995105743408203:6.9296464920043945]
tree_sizes=3517 3624 3620 3612 3626 3642 3628 3627 3596 3610 3601 3617 3621 3627

Tree=0
num_leaves=31
num_cat=0
split_feature=1 10 2 20 11 16 12 2 2 10 19 22 17 17 6 25 4 22 23 15 21 10 1 22 18 22 12 4 8 17
split_gain=226.641 69.8421 53.6391 33.8391 29.8195 26.718 24.8505 24.1051 20.0213 16.3118 16.0268 14.6306 14.6072 14.0517 14.009 13.054 12.7879 11.0592 10.9477 10.8985 10.3008 14.347 12.0262 9.70984 9.18265 9.15609 8.69083 8.08072 7.56623 6.59882
threshold=-0.32388396561145777 0.78592014312744152 -0.97445359826087941 0.095946196466684355 0.35489402711391455 0.37502431869506841 1.1639664769172671 1.5943208932876589 -0.5170784294605254 -0.96190708875656117 -590545311.99999988 0.084152128547430052 0.013652927707880737 -0.0059406207874417296 0.80045637488365184 0.35227864980697637 -1.1539402604103086 -1.5558462738990781 1.5194827318191531 -1.4605650305747984 1.5693427324295046 0.93513193726539623 1.518611013889313 -0.65664967894554127 6.189826651237241e-09 0.032302405685186393 -3.7370649576187129 0.46399106085300451 0.48091764748096472 0.033329945057630546
decision_type=2 2 2 2 2 2 2 2 2 2 2 2 2 2 2 2 2 2 2 2 2 2 2 2 2 2 2 2 2 2
left_child=2 3 5 4 13 10 14 20 12 29 25 -11 -5 -2 19 -6 28 -12 27 -4 22 -22 -3 -18 -10 -1 -16 -8 -9 -7
right_child=1 7 6 8 15 9 18 16 24 11 17 -13 -14 -15 26 -17 23 -19 -20 -21 21 -23 -24 -25 -26 -27 -28 -29 -30 -31
leaf_value=0.014630789454819155 0.015872419004500735 0.012905326028700868 0.016076392693974133 0.013853720390574299 0.013689008647399508 0.016317356514221594 0.010850656337057911 0.015901628401230942 0.012702593656384258 0.012769554058932061 0.0087302378252377254 0.018211057650658884 0.018156378014406206 0.0143158355100193 0.02142420894955728 0.011729654100580852 0.019571524640024169 0.017131735217621541 0.027499717544099623 0.014218561512865269 0.0076230117116319789 0.011946055044892179 0.011169908359963357 0.010643137658515264 0.014383608984883943 0.01697323731895236 0.015520456839062566 0.013554881771522538 0.0061303971974034834 0.0074916749710520012
leaf_weight=4995.2932686507702 6773.0128646492958 29681.746564149857 3073.0779733657837 12795.98829421401 8110.5755043029785 3207.8897563070059 2324.4868628531694 648.85796226561069 50101.720781326294 4175.3234549164772 142.3253436088562 497.70831769704819 751.8513311445713 22755.413365185261 230.39855575561523 4914.6585578918457 110.69591879844666 15269.104980945587 41.472257614135742 37764.808679103851 823.07553863525391 4302.8922996520996 4088.977392911911 11328.055622339249 3105.9076933860779 2147.4035888016224 8637.6511101722717 1738.1515582054853 80.129815444350243 78.10143555700779
leaf_count=19844 26910 117888 12210 50828 32216 12746 9230 2578 198986 16583 565 1978 2988 90393 916 19517 440 60675 165 150015 3267 17088 16237 44980 12338 8533 34317 6904 318 310
internal_value=0.0137185 0.0130564 0.0149776 0.0134843 0.0141454 0.0159824 0.0144078 0.0121404 0.0130629 0.014488 0.0165097 0.0133491 0.0140925 0.0146729 0.0145931 0.0129497 0.0109751 0.0170541 0.0121642 0.0143584 0.012505 0.0112519 0.0126952 0.0107295 0.0128007 0.015335 0.0156738 0.0120076 0.0148276 0.0161076
internal_weight=244697 160374 84323.2 109309 42553.7 30513.2 53810 51064.4 66755.5 7959.02 22554.1 4673.03 13547.8 29528.4 49705.9 13025.2 12167.7 15411.4 4104.11 40837.9 38896.7 5125.97 33770.7 11438.8 53207.6 7142.7 8868.05 4062.64 728.988 3285.99
internal_count=971963 636972 334991 434176 169036 121234 213757 202796 265140 31617 89617 18561 53816 117303 197458 51733 48316 61240 16299 162225 154480 20355 134125 45420 211324 28377 35233 16134 2896 13056
is_linear=0
shrinkage=1


Tree=1
num_leaves=31
num_cat=0
split_feature=1 0 0 20 21 13 8 1 13 18 0 13 6 17 18 8 17 13 21 8 0 21 22 19 5 7 7 20 7 19
split_gain=213.246 48.7945 45.4695 27.6507 23.8111 22.9381 19.5621 18.743 18.7278 17.9283 14.8875 14.0283 13.8081 13.4916 12.3506 14.1353 12.7215 11.0798 10.8068 12.2036 11.0559 10.11 9.89302 9.79182 9.59703 9.92606 9.07112 8.68564 8.46972 7.96641
threshold=-0.32388396561145777 0.14497615396976474 -0.24104415625333783 -1.2837727069854734 0.090678382664918913 -2.4240303039550777 0.23484557867050174 0.87125009298324596 1.1654191613197329 6.1897342806815922e-09 1.749725937843323 1.9155330061912539 0.90013495087623607 0.038121843710541732 6.189163181957725e-09 -0.15940539538860318 -0.14214097708463666 -0.71273836493492115 2.2746552228927617 -0.39552514255046839 0.3099649846553803 0.75274530053138744 0.05005778186023236 -644241695.99999988 -1.5930441021919248 -0.75541004538536061 -0.55061006546020497 0.5574094057083131 0.18985635042190555 -644241695.99999988
decision_type=2 2 2 2 2 2 2 2 2 2 2 2 2 2 2 2 2 2 2 2 2 2 2 2 2 2 2 2 2 2
left_child=2 4 5 7 22 21 13 10 18 -9 -3 -8 17 -5 16 -16 -6 -7 20 -20 -4 23 28 -1 -10 -26 -24 -14 -2 -23
right_child=1 3 8 6 14 12 11 9 24 -11 -12 -13 27 -15 15 -17 -18 -19 19 -21 -22 29 26 -25 25 -27 -28 -29 -30 -31
leaf_value=-0.0014515588152025189 0.00012315672760728944 0.001074228261939747 0.00079914667965989307 -0.0015217597583664672 -0.00052834040496718335 0.0017682208507431151 -0.0022235624572708545 -0.0013676747397091194 -0.010824219490831717 -0.0088134897809979042 -0.003736358540199543 -0.0042707022121052972 0.0025479353828118507 0.0021321507328804995 -0.00081851127377878692 0.0021367958415535395 -0.0014754973800492175 0.00052452363616105075 0.00040505507049717714 -0.013446982179057999 -0.0003022520399229382 0.017471334083193277 -0.0025233038575321934 0.004171273562359923 0.0014095839373064855 -0.0021591448509788217 3.7993545594992532e-05 0.00011853298605973163 0.0016121798252687937 -0.0030530723506100124
leaf_weight=298.86434310674667 19786.704588145018 6543.5077881813049 19999.668178915977 37677.257519721985 22172.65466029942 9273.6557998657227 21156.266675949097 2244.173416852951 101.58121967315674 334.41318202018738 635.18753051757812 3512.9075164794922 8678.5605998337269 931.97299671173096 3669.5337371826172 2415.3883819580078 30071.987065717578 21149.211231231689 120.3271270096302 109.17722257971764 13905.683668851852 18.087850868701935 2205.168342590332 4139.0262016355991 859.30853721499443 3818.151232033968 2856.513298034668 1563.0203823745251 4161.0157804489136 288.34272560477257
leaf_count=1187 78600 25996 79453 149637 88070 36846 84016 8913 403 1327 2522 13947 34485 3703 14575 9597 119433 84017 478 433 55236 72 8757 16450 3414 15163 11347 6209 16532 1145
internal_value=-0.000411567 -0.00105374 0.000809791 -0.00162598 -0.000575217 0.00145469 -0.00185519 -0.000139456 5.72564e-05 -0.00233331 0.000648576 -0.00251508 0.00122438 -0.00143356 -0.000924543 0.000354587 -0.00107352 0.000903634 0.00030351 -0.00618448 0.000347427 0.00342871 0.000127179 0.00379261 -0.00170164 -0.00150352 -0.00107786 0.00217717 0.000381881 -0.00184157
internal_weight=244697 160375 84322.7 73035.7 87339 45408.8 63278.4 9757.28 38913.9 2578.59 7178.7 24669.2 40664.4 38609.2 58329.6 6084.92 52244.6 30422.9 34134.9 229.504 33905.4 4744.32 29009.4 4437.89 4779.04 4677.46 5061.68 10241.6 23947.7 306.431
internal_count=971963 636972 334991 290061 346911 180411 251303 38758 154580 10240 28518 97963 161557 153340 231675 24172 207503 120863 135600 911 134689 18854 115236 17637 18980 18577 20104 40694 95132 1217
is_linear=0
shrinkage=0.03


Tree=2
num_leaves=31
num_cat=0
split_feature=1 0 12 0 20 21 8 1 12 0 20 13 5 11 1 12 21 0 12 22 1 12 0 9 9 4 3 7 19 24
split_gain=200.643 45.9095 43.3829 37.3596 26.0159 22.4028 18.4055 17.6351 17.5678 14.0075 13.3075 13.1987 12.7309 11.992 11.7939 11.3347 11.2824 11.3782 10.603 15.5864 12.0727 10.5923 9.67207 8.08022 7.77084 9.76541 7.8373 11.1353 8.09536 7.32227
threshold=-0.32388396561145777 0.14497615396976474 0.62912705540657055 -0.3068872988224029 -1.2837727069854734 0.090678382664918913 0.23484557867050174 0.87125009298324596 -1.4200297594070432 1.749725937843323 1.2909685373306277 1.9155330061912539 3.1886705160140996 0.12014577910304071 -0.007047173334285616 2.1933124065399174 1.2081907391548159 0.3099649846553803 0.60020250082016002 0.05005778186023236 0.22572808712720874 -1.136474013328552 -0.80451375246047963 -1.2667481303215025 0.3278335332870484 0.67491778731346141 1.3658863902091982 0.16430555284023288 -644242719.99999988 0.69262096285820018
decision_type=2 2 2 2 2 2 2 2 2 2 2 2 2 2 2 2 2 2 2 2 2 2 2 2 2 2 2 2 2 2
left_child=2 5 3 8 7 18 10 9 13 -3 -6 -8 -9 -1 15 -7 17 -5 19 -2 -20 -10 -16 -18 26 -26 28 -28 -4 -27
right_child=1 4 24 16 6 14 11 12 21 -11 -12 -13 -14 -15 22 -17 23 -19 20 -21 -22 -23 -24 -25 25 29 27 -29 -30 -31
leaf_value=0.0025424433527015044 0.00081998745493630845 0.0010420093136604249 0.0061580894639023005 0.00099774894996541635 -0.0011198269104737318 -0.00040116047386232022 -0.0021568267909528945 -0.0025252013554438193 -0.00048305695814902571 -0.0036241973989794467 -0.0025364209106131397 -0.0041424940156024803 0.014701553755897373 0.0077430001198491704 -0.00025382602994248823 0.0056023667386094836 -0.0053082076128687606 -0.00016767627889370011 0.00088065891961394498 -0.0012520641607490523 -0.0017769560369424043 0.0014916756417607704 -0.0014510846335487875 -0.00072724026632503753 -0.0014663477388523298 0.022263793365599555 -0.0046008493827954097 -0.00082262288420859335 -0.00098562879142350345 0.0020378194061472024
leaf_weight=9806.7134453058243 18069.495507434011 6543.4581537246704 146.91167736053467 18701.95487010479 31231.316167831421 20200.916604995728 21156.538484573364 2539.4125881195068 2702.7652130126953 635.19978713989258 7378.2478866577148 3512.9791412353516 39.205578804016113 415.98212659358978 7598.5054426193237 287.05657005310059 383.64224433898926 12632.170334458351 2298.1763722896576 3988.4851875305176 4653.206915140152 25598.565305709839 30243.418023109436 3583.0953993797302 1218.643383026123 16.320272445678711 1433.2003034502268 1376.1576615422964 5061.388436794281 1244.5488357543945
leaf_count=38969 71785 25996 584 74300 124041 80239 84016 10084 10736 2522 29299 13947 156 1654 30182 1141 1523 50178 9130 15841 18480 101706 120113 14232 4840 65 5690 5466 20103 4945
internal_value=-0.000399219 -0.00102212 0.000785503 0.0010421 -0.00157718 -0.00055796 -0.00179951 -0.000135272 0.00168812 0.000629122 -0.00139054 -0.00243959 -0.00226328 0.00275406 -0.000896797 -0.000317045 0.000337089 0.000527915 0.000123349 0.000445323 -0.00089833 0.00130309 -0.00121068 -0.00117029 -0.00101907 0.000448702 -0.00147299 -0.00275009 -0.000784124 0.00229962
internal_weight=244698 160376 84322.1 73824.9 73036.4 87339.3 63279.1 9757.28 38524 7178.66 38609.6 24669.5 2578.62 10222.7 58329.9 20488 35300.9 31334.1 29009.4 22058 6951.38 28301.3 37841.9 3966.74 10497.2 2479.51 8017.66 2809.36 5208.3 1260.87
internal_count=971963 636972 334991 293298 290061 346911 251303 38758 153065 28518 153340 97963 10240 40623 231675 81380 140233 124478 115236 87626 27610 112442 150295 15755 41693 9850 31843 11156 20687 5010
is_linear=0
shrinkage=0.03


Tree=3
num_leaves=31
num_cat=0
split_feature=2 0 1 2 2 15 12 1 6 21 21 13 0 6 13 12 11 3 11 15 0 13 0 13 2 14 9 16 16 22
split_gain=196.674 64.8232 49.1194 33.0713 19.5168 16.3374 16.7433 15.4855 15.0309 14.1661 13.9379 13.5634 13.5062 12.4907 12.2252 11.1892 10.5584 9.72461 9.34998 8.84235 9.74757 8.92916 8.12753 7.63979 7.25264 8.9841 6.79574 6.50715 4.5245 6.79709
threshold=-0.42831210792064661 -0.22799915075302121 0.039806772023439414 1.5943208932876589 -1.8812106847763059 -1.5182610750198362 -3.7370649576187129 -0.25768557190895075 -0.68004155158996571 0.065134931355714812 -1.3269380927085874 -0.21320246160030362 0.23258623480796817 1.1517317295074465 3.9196243286132817 -0.69387218356132496 1.2515515685081484 2.3805934190750127 -0.63072457909584034 -1.6252292394638059 -1.5813161134719846 -0.069914784282445894 0.076086111366748824 1.0205467939376833 -0.1296998783946037 1.3140338659286501 1.2553986310958865 -1.3416183590888975 -1.277463912963867 -1.3719657090405233e-06
decision_type=2 2 2 2 2 2 2 2 2 2 2 2 2 2 2 2 2 2 2 2 2 2 2 2 2 2 2 2 2 2
left_child=1 4 5 10 28 24 27 12 23 -8 16 -12 22 18 -14 -15 -4 -10 -9 21 -21 -6 -3 -5 25 -2 -26 -7 29 -1
right_child=2 7 3 8 19 6 9 13 17 -11 11 -13 14 15 -16 -17 -18 -19 -20 20 -22 -23 -24 -25 26 -27 -28 -29 -30 -31
leaf_value=-0.0029676053548693677 -0.0010128866577735164 0.00081965004054168102 0.0004582533192265491 4.6963175112923379e-05 -0.0039030976598593875 -0.0070165710955716965 0.00022386969987902967 0.0025024105332468729 -0.0036418022563659458 -0.000785677398451295 -0.00070652005480153297 -0.0015941532376590687 -0.00021461579805536764 0.0012645875928743353 -0.027639609966972522 -0.0048030682260500118 -0.0027597251124290732 -0.0016694058091093582 -0.00050652415167460317 0.00025569859339665088 0.0016842254644029292 0.0030239775743420129 0.0026921674232255246 -0.0027095718405656705 0.0025748790628351576 0.022582857087720325 0.012139570599274712 0.0082098196307488266 0.0033195253364403324 0.002604785899254356
leaf_weight=263.65464517474174 740.70171530544758 11031.545413970947 6741.5917541980743 2335.4940690994263 547.26610720157623 27.963729560375214 17520.433984294534 975.98162627220154 9488.2527351379395 43738.727151468396 22611.852631747723 49214.111457228661 10646.969715595245 367.2484884262085 14.648810863494871 1071.8101778030396 1062.2359447479248 2948.9067459106445 19496.503202676773 5206.8516654968262 24654.528221130371 241.32840192317963 2572.6879196166992 1477.2585248947144 1837.6423908919096 14.813223049044607 69.379597023129463 261.29173105955124 6736.7607345581055 779.35219839215279
leaf_count=1047 2942 43826 26781 9277 2173 111 69599 3878 37672 173726 89811 195450 42292 1459 58 4255 4218 11711 77440 20685 97958 959 10223 5866 7302 59 276 1039 26773 3097
internal_value=-0.000387242 0.000782687 -0.00100554 -0.00143558 0.00169294 -0.000363412 -0.000462941 2.51533e-05 -0.00266896 -0.000496942 -0.00118389 -0.00131471 0.000547198 -0.000552983 -0.000252297 -0.0032546 2.02308e-05 -0.00317414 -0.00036308 0.00135233 0.00143514 -0.00178325 0.00117376 -0.00102106 0.00193733 -0.00055025 0.00292285 0.00673781 0.00303486 0.00119618
internal_weight=244698 84607.1 160091 95879.7 38429.7 64211 61548.4 46177.4 16249.9 61259.2 79629.8 71826 24265.9 21911.5 10661.6 1439.06 7803.83 12437.2 20472.5 30650 29861.4 788.595 13604.2 3812.75 2662.54 755.515 1907.02 289.255 7779.77 1043.01
internal_count=971963 336123 635840 380786 152692 255054 244475 183431 64526 243325 316260 285261 96399 87032 42350 5714 30999 49383 81318 121775 118643 3132 54049 15143 10579 3001 7578 1150 30917 4144
is_linear=0
shrinkage=0.03


Tree=4
num_leaves=31
num_cat=0
split_feature=2 0 10 2 1 10 21 8 6 18 20 1 0 6 2 23 0 23 25 23 4 13 21 21 22 15 15 0 3 18
split_gain=185.051 60.9936 60.2662 22.9347 22.5577 20.2804 19.2107 17.4559 17.0827 14.7383 14.6823 14.5703 14.1948 14.1747 13.7301 12.9021 12.7082 12.6201 12.0124 11.8909 11.8282 11.5027 10.9695 10.9172 9.43833 8.5612 8.01301 7.6475 7.36407 7.14251
threshold=-0.42831210792064661 -0.22799915075302121 0.68714466691017162 1.5943208932876589 -0.39681471884250635 -0.53067865967750538 0.092555545270442977 -0.69812899827957142 0.9522482454776765 5.9366207505462407e-09 -2.1828949451446529 -0.25768557190895075 -0.61773496866226185 1.8636412620544436 1.0345071554183962 0.35471075773239141 0.23258623480796817 -4.6098988056182852 0.15720574557781222 0.086042005568742766 -1.2051742076873777 3.9196243286132817 -3.6266615390777583 1.5412427186965945 0.62503907084465038 -0.51516419649124134 0.72395646572113048 0.076086111366748824 -2.603268980979919 -0.17968579381704328
decision_type=2 2 2 2 2 2 2 2 2 2 2 2 2 2 2 2 2 2 2 2 2 2 2 2 2 2 2 2 2 2
left_child=1 5 4 12 8 9 14 20 24 10 -1 16 29 -10 -6 -9 27 -7 28 -20 -5 -18 -19 -14 -2 -8 -11 -3 -13 -4
right_child=2 11 3 7 6 17 25 15 13 26 -12 18 23 -15 -16 -17 21 22 19 -21 -22 -23 -24 -25 -26 -27 -28 -29 -30 -31
leaf_value=0.0052121792349484877 3.250347488440894e-05 0.00079506763524419275 0.0020715129821400045 0.003539820753394029 9.6279830345608438e-05 -0.013477042253685791 -0.00053884618916801182 -0.003812371839502315 0.0038927294178982795 0.00093912149460867488 0.002382396184878087 -0.011454068384388802 -0.0014437518613476558 -0.00014842455843501739 -0.0020173450208310151 -0.00075951365136115714 -0.00020817718658239183 0.0081077582277511891 -0.00081913278271398724 -0.0036416107502799111 -0.001619126522230173 -0.026810533078603305 0.00077032946978193714 -0.0029049548236912072 -0.0058169246776923738 -0.0013885735357916313 0.0095431579966264949 0.0026114641679216687 -2.631334540104735e-05 -0.00059669358057980355
leaf_weight=1870.3419990539551 19848.36886882782 11031.473825454712 1048.5255041122437 474.09348773956299 24543.092646971345 55.469165802001953 15417.984741210938 9113.0673904418945 1978.9617767333984 6873.816883996129 14018.104322433472 50.92193603515625 32479.676501870155 1290.6368446350098 3117.3972806930542 1443.2292709350586 10646.98589849472 185.59588001668453 4965.5343127250671 1841.5992360115051 2558.6089353561401 14.648737430572508 15326.973223224282 5361.514603972435 251.40705370903015 34662.197387889028 98.817177817225456 2572.6277370452881 15053.538944244385 6502.5899963378906
leaf_count=7435 78845 43826 4166 1884 97493 220 61239 36181 7865 27310 55704 202 128992 5127 12380 5732 42292 738 19722 7312 10161 58 60892 21289 998 137660 393 10223 59796 25828
internal_value=-0.000375624 0.000759213 -0.000975372 -0.00173748 -0.000530808 0.00164218 -0.000776489 -0.00281868 0.000286474 0.0022109 0.00271551 2.43994e-05 -0.0014138 0.00229753 -0.00014193 -0.00339499 0.000530785 0.00080704 -0.000536391 -0.00158272 -0.000812643 -0.000244728 0.000858116 -0.00165078 -4.06609e-05 -0.00112697 0.00106106 0.00113856 -6.48399e-05 -0.000226194
internal_weight=244698 84606.4 160091 58981.3 101110 38429.1 77740.7 13589 23369.4 22861.1 15888.4 46177.3 45392.3 3269.6 27660.5 10556.3 24265.7 15568 21911.6 6807.13 3032.7 10661.6 15512.6 37841.2 20099.8 50080.2 6972.63 13604.1 15104.5 7551.12
internal_count=971963 336123 635840 234233 401607 152692 308772 53958 92835 90842 63139 183431 180275 12992 109873 41913 96399 61850 87032 27034 12045 42350 61630 150281 79843 198899 27703 54049 59998 29994
is_linear=0
shrinkage=0.03


Tree=5
num_leaves=31
num_cat=0
split_feature=2 10 1 2 10 1 21 11 8 6 6 16 2 8 18 16 19 12 18 24 8 24 5 21 22 6 16 11 16 10
split_gain=174.114 56.704 41.2855 21.5793 21.562 21.2245 18.0752 20.2738 16.424 16.0735 13.3378 13.1029 15.4338 14.9452 12.2331 12.1352 19.2343 11.8834 11.8674 12.089 11.5907 11.1293 10.9276 10.1227 10.304 9.50542 9.2559 8.97397 8.31086 7.53338
threshold=-0.42831210792064661 0.68714466691017162 -0.25768557190895075 1.5943208932876589 -0.88007432222366322 -0.39681471884250635 0.092555545270442977 0.57165405154228222 -0.69812899827957142 0.9522482454776765 1.8636412620544436 0.37502431869506841 -0.97445359826087941 -1.1894274353981016 5.9365705684655276e-09 0.72974228858947765 7796.9499511718759 1.1639664769172671 6.1892684311004595e-09 0.25863195955753332 -1.9356658458709715 -1.2051742076873777 0.15720574557781222 1.5412427186965945 -0.089066993445157991 -1.1981011033058164 -1.2062613368034361 2.3451056480407719 -0.67783108353614796 2.3197048902511601
decision_type=2 2 2 2 2 2 2 2 2 2 2 2 2 2 2 2 2 2 2 2 2 2 2 2 2 2 2 2 2 2
left_child=2 5 4 23 18 9 7 -7 21 17 -11 12 -6 -13 -10 16 20 -2 19 -1 -4 -5 27 25 -25 -3 -20 -17 -8 -24
right_child=1 3 15 8 11 6 28 -9 14 10 -12 13 -14 -15 -16 22 -18 -19 26 -21 -22 -23 29 24 -26 -27 -28 -29 -30 -31
leaf_value=0.0015414145062878104 0.00013686440369685917 0.00070503222526670651 -0.021278862889189711 0.0034337133424092066 0.0018604509127589681 0.00028009795119718226 -0.00047287288064043888 -0.0017166685281712695 -0.0039334592156987864 0.0037760942748302378 -0.00014397121456949816 -0.005245510691350477 0.00021404763303940836 8.3997263305451748e-06 -0.0016643590340955914 -0.00037145794816307968 -0.0016851825160604499 -0.0030574857247465822 -0.0032938644150377729 0.0029952940502539793 0.0007878261249327647 -0.0015705453482025185 -0.0021184275829466406 0.0022823223591848067 -0.0027530160808974906 -0.0013030858304568999 0.00094748984999130242 0.0081790514064968272 -0.001333941842213049 -0.023142602081990721
leaf_weight=11968.589173316956 18990.421765506268 2252.2474317550659 21.451807022094727 474.08165836334229 10944.570177078247 21873.264234274626 14004.275283813477 5787.2151298522949 7577.3848948478699 1978.8862571716309 1290.6385917663574 519.40542221069336 9636.2293224334717 7878.7138023376465 2978.9641842842102 7273.0818815231323 3543.7479209899902 1109.3651282787323 539.15057182312012 9031.2817487716675 15933.305246353149 2558.6208982467651 3906.7213428020477 388.61222290992737 6218.2463128566742 36533.459397315979 3281.8695659637451 112.17350769042969 36076.16335272789 15.399366617202757
leaf_count=47555 75438 8947 85 1884 43489 86890 55624 22983 30083 7865 5127 2062 38281 31297 11830 28889 14074 4405 2141 35892 63298 10161 15514 1544 24691 145093 13039 446 143275 61
internal_value=-0.000364356 -0.000946108 0.000736444 -0.00168534 0.00123792 -0.000514883 -0.000753192 -0.000137672 -0.00273411 0.000277881 0.00222866 0.000682085 0.00108958 -0.000316543 -0.00329313 -0.000139334 0.000314093 -3.9441e-05 0.00188686 0.00216668 0.000758157 -0.000788264 -0.000921227 -0.00137138 -0.00245684 -0.00118648 0.00034903 -0.000241586 -0.00109316 -0.00220097
internal_weight=244698 160092 84605.7 58981.6 53799.8 101110 77740.9 27660.5 13589.1 23369.3 3269.52 28978.9 20580.8 8398.12 10556.3 30805.9 19498.5 20099.8 24820.9 20999.9 15954.8 3032.7 11307.4 45392.6 6606.86 38785.7 3821.02 7385.26 50080.4 3922.12
internal_count=971963 635840 336123 234233 213756 401607 308772 109873 53958 92835 12992 115129 81770 33359 41913 122367 77457 79843 98627 83447 63383 12045 44910 180275 26235 154040 15180 29335 198899 15575
is_linear=0
shrinkage=0.03


Tree=6
num_leaves=31
num_cat=0
split_feature=2 0 10 1 2 10 15 18 14 0 8 8 23 1 1 21 20 17 1 21 18 0 16 13 19 12 6 0 15 15
split_gain=163.824 55.3712 53.8709 25.5229 22.4447 18.4582 16.243 13.5447 14.5218 13.2061 12.9957 12.7671 11.8565 11.6795 11.6202 17.1676 11.5495 16.7406 11.302 10.3538 10.0301 9.59985 9.57121 9.56854 9.35672 9.61123 9.59154 8.99276 7.31915 6.53408
threshold=-0.42831210792064661 -0.22799915075302121 0.16062141209840777 0.087502814829349532 1.5943208932876589 -0.53067865967750538 0.48925617337226873 5.9366207505462407e-09 0.044959157705307014 0.23258623480796817 -1.62104856967926 -0.69091671705245961 -4.6098988056182852 1.607831656932831 -0.32388396561145777 0.092555545270442977 1.3390518426895144 -0.0065259295515716067 -0.25768557190895075 -3.6266615390777583 0.97385910153388988 -0.67062789201736439 -1.1959841251373289 -2.0508747100830074 -644243423.99999988 1.1095708608627322 2.8948402404785161 -0.018572539091110226 -1.1039351820945738 0.076156210154294982
decision_type=2 2 2 2 2 2 2 2 2 2 2 2 2 2 2 2 2 2 2 2 2 2 2 2 2 2 2 2 2 2
left_child=1 5 6 16 21 7 14 8 -1 18 29 -6 -7 -12 20 -16 23 -18 28 -14 -2 -5 -9 -4 25 -8 -26 -20 -3 -11
right_child=2 9 3 4 11 12 24 22 -10 10 13 -13 19 -15 15 -17 17 -19 27 -21 -22 -23 -24 -25 26 -27 -28 -29 -30 -31
leaf_value=0.003090696972245273 0.00078832744015973376 -0.00049864253783056403 0.0034942924482283823 -0.00022645436458012245 -0.0011102255958809479 -0.01308574380627049 -0.0057978307067332747 -0.0010779752434342683 0.00096484532950648252 -0.022716256784876727 -0.00032797196859525124 -0.0032996828250945239 0.0078520582358753161 -0.0046074691968628579 0.00059910592506832354 -0.00087622027825020514 0.0011613016182640339 -0.0026812759637354655 -0.0012046836321871447 0.00072314902062092519 -0.0055260554257285863 -0.0015919897263105783 0.0015916466898103112 -0.00046944987994015967 -0.00077908923627628094 0.009193833512796434 -0.0079819693381141515 0.00060108427513325016 0.0013814576138970541 -0.0062694026250665006
leaf_weight=12085.937258243561 15587.226015090942 2228.663442492485 561.64982295036316 5213.4641885757446 3080.9328994750977 55.473041534423828 531.06173413991928 1555.8524265289307 3801.6755766868591 25.494296550750732 21857.796794742346 10796.989443778992 185.57634738087654 589.4354707300663 11540.531254038215 18443.079993247986 1302.644366517663 4709.3068682998419 4728.7478561401367 15326.72827526927 229.74189758300781 41644.763802170753 5416.6110172271729 22757.398644089699 23484.290328800678 41.494967520236969 167.57391375303268 5224.1337890625 11375.148424267769 147.63430833816528
leaf_count=48034 61925 8853 2232 20708 12236 220 2108 6180 15105 101 86821 42868 738 2340 45846 73250 5175 18700 18781 60892 912 165384 21523 90392 93274 165 665 20753 45196 586
internal_value=-0.000353425 0.000714357 -0.000917723 -0.00140296 -0.00175391 0.00155567 -0.0002936 0.00209825 0.00258201 1.42325e-05 -0.000503496 -0.00281362 0.000758924 -0.000440346 3.8691e-05 -0.000308375 -0.00067625 -0.00184868 0.000511382 0.000808433 0.000696611 -0.00144006 0.000995941 -0.000373981 -0.000921856 -0.00471134 -0.000830122 -0.00025686 0.00107345 -0.00869131
internal_weight=244697 84604.9 160092 90067.2 60736.2 38427.9 70025 22860.1 15887.6 46177.1 22620.4 13877.9 15567.8 22447.2 45800.6 29983.6 29331 6011.95 23556.7 15512.3 15817 46858.2 6972.46 23319 24224.4 572.557 23651.9 9952.88 13603.8 173.129
internal_count=971963 336123 635840 357695 241196 152692 278145 90842 63139 183431 89848 55104 61850 89161 181933 119096 116499 23875 93583 61630 62837 186092 27703 92624 96212 2273 93939 39534 54049 687
is_linear=0
shrinkage=0.03


Tree=7
num_leaves=31
num_cat=0
split_feature=2 0 10 0 2 10 21 8 2 18 21 0 18 21 0 8 23 0 9 23 21 11 9 1 21 21 16 0 0 15
split_gain=154.142 52.1003 50.7254 19.344 19.0653 17.3683 14.9716 14.751 14.5599 13.6189 15.9901 12.8671 12.7452 13.2723 12.4256 12.2273 11.9755 11.9355 11.7957 11.1559 10.9928 10.8688 10.8616 10.6342 9.74339 9.66801 9.04143 8.46124 7.16933 6.14792
threshold=-0.42831210792064661 -0.22799915075302121 0.68714466691017162 -0.3068872988224029 1.5943208932876589 -0.53067865967750538 0.27741298079490667 -0.69812899827957142 1.0147176384925845 5.4624698098137978e-09 -1.1628021001815794 -0.61773496866226185 5.9366207505462407e-09 0.17030697315931323 0.23258623480796817 -1.62104856967926 0.35471075773239141 2.14582371711731 0.21880215406417849 -4.6098988056182852 2.0035715103149419 0.054493557661771781 -1.1030631661415098 -0.25768557190895075 -3.6266615390777583 1.3052943348884585 1.0423952937126162 -0.018572539091110226 0.076086111366748824 0.076156210154294982
decision_type=2 2 2 2 2 2 2 2 2 2 2 2 2 2 2 2 2 2 2 2 2 2 2 2 2 2 2 2 2 2
left_child=1 5 3 9 11 12 8 18 -5 10 -2 22 13 -1 23 29 -9 -8 -6 -7 -17 -11 -4 28 -21 -13 -14 -25 -3 -16
right_child=2 14 4 6 7 19 17 16 -10 21 -12 25 26 -15 15 20 -18 -19 -20 24 -22 -23 -24 27 -26 -27 -28 -29 -30 -31
leaf_value=0.0032381677954954604 0.0024511991050350703 0.00070867319411072971 0.0027008054394506878 -0.00019554981622714698 -0.0013658062520338361 -0.012693334048516219 -0.0014042015322732716 -0.0035070557580912146 -0.0018269811433702186 0.0007504146327133429 -0.00057837386690126982 -0.0012931350714828064 0.00086730390368205501 0.0014796328368793929 -0.022034531577493792 -0.00040672121163399063 -0.00056585849209848959 0.002179899599980301 0.0047840029730346371 0.0076174645676889852 -0.022018318121284321 0.0041937750154034678 -0.00061551705930369173 -0.0011685350648722589 0.00070145978818172137 -0.0025339429634656757 0.012782044319435954 0.00058305373284869356 0.0024674091653319047 -0.006081174868489355
leaf_weight=9260.1693321764469 1724.3700847625732 11031.170204162598 1029.0863494873047 38590.641892418265 2719.6989297419786 55.472316741943359 26878.307811200619 9113.0422778129578 5643.3625717163086 9220.4211237430573 17284.198354721069 30926.398231506348 6914.57797524333 6626.8996776044369 25.494564145803452 22426.076795578003 1443.2317433357239 863.07280731201172 313.00690750777721 185.55306655168533 21.202550888061523 906.08648657798767 6522.1082983016968 4728.7797622680664 15326.618430793285 6915.3146677017212 57.799716025590897 5224.1160697937012 2572.4940032958984 147.63779059052467
leaf_count=36806 6852 43826 4089 153286 10801 220 106745 36181 22411 36630 68653 122822 27473 26333 101 89077 5732 3429 1244 738 84 3601 25905 18781 60892 27459 230 20753 10223 586
internal_value=-0.000342823 0.000692934 -0.00089019 -0.000482331 -0.00158937 0.00150903 -0.000746337 -0.00257516 -0.000403687 0.000169868 -0.000303545 -0.00129426 0.00203536 0.00250464 1.38057e-05 -0.00048839 -0.00310494 -0.0012927 -0.000731082 0.000736163 -0.000427134 0.00105852 -0.000163564 0.000496044 0.000784187 -0.00151988 0.000966075 -0.000249154 0.00104126 -0.00843038
internal_weight=244696 84604.1 160092 101110 58981.9 38427.1 71975.4 13589 44234 29135.1 19008.6 45392.9 22859.4 15887.1 46177 22620.4 10556.3 27741.4 3032.71 15567.6 22447.3 10126.5 7551.19 23556.6 15512.2 37841.7 6972.38 9952.9 13603.7 173.132
internal_count=971963 336123 635840 401607 234233 152692 285871 53958 175697 115736 75505 180275 90842 63139 183431 89848 41913 110174 12045 61850 89161 40231 29994 93583 61630 150281 27703 39534 54049 687
is_linear=0
shrinkage=0.03


Tree=8
num_leaves=31
num_cat=0
split_feature=2 10 0 2 0 10 0 21 21 8 10 23 12 10 8 17 10 3 16 3 2 16 9 2 12 11 19 0 8 23
split_gain=145.114 53.0763 43.4284 22.059 20.4723 18.0316 17.2408 18.2908 16.3486 14.1916 14.2696 13.3445 12.4135 12.3734 11.1141 10.2908 10.234 10.1901 12.1482 15.0427 11.0979 10.6481 10.0626 9.7026 9.67661 9.09902 9.07639 8.51428 7.95326 6.71705
threshold=-0.5170784294605254 0.16062141209840777 -0.097332600504159913 1.5943208932876589 -0.3068872988224029 -0.47133713960647577 -0.31953422725200648 1.3052943348884585 0.17665849626064303 -0.69091671705245961 1.7295826673507693 -4.6098988056182852 1.5030486583709719 0.10177238658070566 1.8491866588592532 -0.036001775413751595 -2.0455714464187618 3.304552555084229 0.79280072450637828 -0.53466790914535511 -2.688010454177856 1.3684402704238894 2.6201297044754033 -0.95582801103591908 2.6019587516784672 0.6684263050556184 -563708959.99999988 2.6440020799636845 -1.62104856967926 -0.48170714080333704
decision_type=2 2 2 2 2 2 2 2 2 2 2 2 2 2 2 2 2 2 2 2 2 2 2 2 2 2 2 2 2 2
left_child=2 4 5 6 15 22 14 -8 13 12 -11 -7 -5 -6 -3 28 -17 18 19 -4 -20 29 26 -13 -10 -24 -1 -23 -2 -19
right_child=1 3 17 9 8 11 7 -9 24 10 -12 23 -14 -15 -16 16 -18 21 20 -21 -22 27 25 -25 -26 -27 -28 -29 -30 -31
leaf_value=0.0012623652534093409 -0.018848785111611442 -0.00042784143042550019 -0.00070662795275808915 0.00067405865534458259 -0.00018315686623528293 -0.014732725246846372 -0.0011139044068103014 -0.0025591551703388038 -0.0010432617139702117 -0.0021140821512320557 -0.0042966168033005629 0.0013709191288792091 -0.0028222436677411526 0.0028148693791135476 0.0047134749756890595 -0.0046880082261121 0.0010938387876605654 -0.008268971363525706 0.0043682182705931409 0.0011848451939976184 -0.00062169286666608327 0.00058843952006690096 -0.0023901484209604882 -0.00018924866796555387 -0.0087702823847262568 0.010950191300779771 0.002460164247712439 0.01364447688030614 -0.00033432885605891484 -0.0023913003394499094
leaf_weight=8938.3925961852074 20.941226720809937 19372.418344497681 5309.5146865844727 2327.0614910125732 26344.7612631917 50.943222045898438 46732.995646193624 9479.8525851219893 26229.504396438599 8807.2761917114258 3885.5118675231934 7748.7237401902676 1505.0482311248779 1300.116455078125 385.95542049407959 280.83111572265625 14572.605249404907 201.07817983627319 411.88290309906006 13171.975241184235 15384.102938175201 227.06065273284912 697.34641608595848 6680.2665247023106 146.67745399475098 49.266333013772964 15684.167246878147 56.051032066345215 7344.586138010025 1348.68843126297
leaf_count=35517 83 76947 21090 9244 104645 202 185601 37642 104173 34973 15425 30789 5976 5166 1534 1115 57896 798 1637 52332 61105 902 2770 26537 582 196 62333 223 29174 5356
internal_value=-0.00033254 -0.000822713 0.00075633 -0.00130577 -0.000236659 0.00143918 -0.0010897 -0.00135763 -0.000551937 -0.00229913 -0.0027822 0.000594485 -0.000699102 -4.21621e-05 -0.000327412 0.000529877 0.000984522 2.7825e-06 0.000119318 0.000641447 -0.00049158 -0.00217659 0.0019213 0.0006486 -0.00108623 -0.00150987 0.00202534 0.0031733 -0.000386968 -0.00315391
internal_weight=244696 168736 75959.5 92496.1 76240 39849.1 75971.2 56212.8 54021.1 16524.9 12692.8 14479.9 3832.11 27644.9 19758.4 22219 14853.4 36110.4 34277.5 18481.5 15796 1832.88 25369.2 14429 26376.2 746.613 24622.6 283.112 7365.53 1549.77
internal_count=971963 670176 301787 367342 302834 158344 301724 223243 214566 65618 50398 57528 15220 109811 78481 88268 59011 143443 136164 73422 62742 7279 100816 57326 104755 2966 97850 1125 29257 6154
is_linear=0
shrinkage=0.03


Tree=9
num_leaves=31
num_cat=0
split_feature=1 10 2 20 0 9 0 19 1 6 13 21 2 20 0 7 16 8 0 6 18 17 10 10 7 6 25 13 20 24
split_gain=138.037 46.1598 36.0581 23.6791 20.6581 20.1315 16.8013 15.5559 14.938 13.8474 14.6599 13.6107 13.4123 12.8407 12.6915 15.5555 12.6872 13.0045 10.6812 10.4155 10.3403 9.99163 9.73931 9.3355 9.75859 9.28322 9.03273 8.59501 8.21416 7.75067
threshold=-0.32388396561145777 0.78592014312744152 -0.97445359826087941 0.1041633188724518 0.23258623480796817 -0.8221897780895232 1.3344923853874209 -563698847.99999988 1.1478867530822756 1.8057186603546145 2.2253472805023198 -1.5055701136589048 -0.57253694534301747 1.3142237663269045 0.71167910099029552 -0.72658631205558766 -0.99436107277870167 1.4883276224136355 0.61537215113639843 2.0540540218353276 6.189826651237241e-09 -0.14214105159044263 0.16062141209840777 1.2082563042640688 -1.6661728620529173 3.6765859127044682 1.3334169387817385 -2.0508747100830074 0.13328307121992114 4.3014981746673593
decision_type=2 2 2 2 2 2 2 2 2 2 2 2 2 2 2 2 2 2 2 2 2 2 2 2 2 2 2 2 2 2
left_child=2 3 4 6 7 9 21 25 13 10 -4 -9 18 19 22 -16 -10 -18 -5 -3 -14 -2 -7 24 -6 -1 -15 -25 -11 -8
right_child=1 8 5 12 23 14 29 11 16 28 -12 -13 20 26 15 -17 17 -19 -20 -21 -22 -23 -24 27 -26 -27 -28 -29 -30 -31
leaf_value=0.00072705645624387581 0.0088212941740767031 -0.0008178742652731845 -0.00086002316419933275 0.00057492212253763462 -0.011077022842736274 0.00091538460371639533 -0.0019839230252941659 0.0039490652863345263 0.00030214134349105599 0.03797524011044226 -0.0060076200708677457 0.0019240596081163928 -0.0011732092114596681 -0.0027364590063530987 -0.0056850010696080444 -0.00038469114125854554 -0.0029697875407399391 -0.00041046289137841574 -0.0016223569100231915 -0.0034054945687742506 0.00058996751686234345 0.00018658410278915628 -0.00012286444695789255 -0.027711218859617234 0.00024263157991174329 0.0080284752895250344 0.0012954181671122195 -0.0050000967642371847 0.0038275101518344453 0.0080558159028077617
leaf_weight=8496.737726688385 120.96293950080872 26700.331157684326 8460.0389259159565 8720.1435008049011 69.324276924133301 28915.590117692947 3991.8674583435059 4029.8645286560059 1486.8611011505127 12.780524179339411 529.06496131420135 11546.187407016754 49304.204992890358 6197.2367630004883 569.33654296398163 3996.1853092908859 12577.636480823159 2082.7225718349218 2580.2484922409058 1477.4485931396484 3187.0225003957748 41336.417723581195 11312.723601341248 17.427140027284622 6082.150664806366 159.66586303710938 543.98590850830078 107.56054469943047 12.580615445971487 70.425876617431641
leaf_count=33761 481 106044 33603 34642 275 114883 15852 16020 5906 51 2100 45886 195810 24607 2260 15873 49940 8272 10247 5866 12660 164204 44937 69 24161 635 2161 427 50 280
internal_value=-0.000322564 -0.00083921 0.000660132 -0.00049134 0.00148404 0.000192986 3.13611e-05 0.00188133 -0.00158385 -0.00110054 -0.00116299 0.00244797 -0.000864323 -0.00123494 0.000453299 -0.00104566 -0.00233839 -0.0026062 7.32116e-05 -0.000953551 -0.00106616 0.000211778 0.000623416 -4.98569e-05 0.000115064 0.00086173 -0.0024111 -0.00816673 0.021036 -0.00180987
internal_weight=244695 160378 84317.2 109311 30508.9 53808.3 45519.7 24232.5 51066.2 9014.47 8989.1 15576.1 63791.6 34919 44793.8 4565.52 16147.2 14660.4 11300.4 28177.8 52491.2 41457.4 40228.3 6276.46 6151.47 8656.4 6741.22 124.988 25.3611 4062.29
internal_count=971963 636972 334991 434176 121234 213757 180817 96302 202796 35804 35703 61906 253359 138678 177953 18133 64118 58212 44889 111910 208470 164685 159820 24932 24436 34396 26768 496 101 16132
is_linear=0
shrinkage=0.03


Tree=10
num_leaves=31
num_cat=0
split_feature=1 10 10 12 0 2 0 9 21 1 9 2 16 10 22 4 25 6 15 7 7 25 17 3 7 11 13 21 22 2
split_gain=129.879 43.4468 34.1067 25.183 21.3876 19.1736 16.6997 16.2939 14.6255 14.3015 13.783 13.6028 15.3882 15.9036 13.0656 12.8334 12.6702 12.6447 12.4342 12.8007 12.4972 11.465 10.0565 9.51576 8.87614 8.51238 8.37229 7.58843 13.6291 8.24293
threshold=-0.32388396561145777 1.3750950098037722 -1.0797040462493894 0.28332844376564031 0.14497615396976474 -0.5170784294605254 -0.31953422725200648 0.93003627657890331 0.092555545270442977 1.1478867530822756 3.0445270538330083 -0.72169178724288929 -1.5170422196388242 -1.125273525714874 0.15082636475563052 -1.5890481472015379 3.1886705160140996 2.1234207153320317 -1.3657944798469541 0.16430555284023288 -1.1204231381416319 3.8983219861984257 -0.062807500362396226 4.2156975269317636 1.8069844245910647 1.184911370277405 1.5703865289688113 0.92950239777565014 -0.030277009122073647 0.80155605077743541
decision_type=2 2 2 2 2 2 2 2 2 2 2 2 2 2 2 2 2 2 2 2 2 2 2 2 2 2 2 2 2 2
left_child=2 4 11 6 5 23 15 17 -7 27 -9 22 13 -13 21 -4 -8 -6 20 -20 -5 -11 24 -2 -1 -14 -24 29 -29 -3
right_child=1 9 3 18 7 8 16 10 -10 14 -12 12 25 -15 -16 -17 -18 -19 19 -21 -22 -23 26 -25 -26 -27 -28 28 -30 -31
leaf_value=0.0026207523775380144 0.00066332913290421437 -0.00030328707243969043 0.0094269379372118132 0.0091936452007437136 -0.00079495915315599551 0.00015311022049056952 1.3115014546579949e-06 -0.0024324235909313216 -0.00084307710549432586 -0.0034114675002171178 0.0062911667769741777 0.0095038730161899308 0.00020073295844552028 -0.017665825472308869 0.0011893338865335932 0.0011458996379396598 0.011233633647562521 -0.0067868460628639233 -0.0016426854704510957 0.00018514339387696463 0.00085258518355230811 0.0023263750001142848 0.00173432908397724 -0.015834774059788958 0.005825438068573721 0.0056579280051372209 -0.0057771252371107791 0.0022827427468636737 -0.0033217874857333326 -0.0019403982747385616
leaf_weight=3546.898594379425 16404.770316839218 6321.9588088989258 169.70832443237305 191.85767936706543 50143.361400604248 19540.027996465564 22018.763504981995 8235.0968170166016 41295.279282853007 8478.3810901641846 166.29518127441406 262.4970965385437 7688.8882813453674 20.936094760894775 656.0145320892334 22329.788753509521 90.755240440368652 318.99097442626953 9589.7568203508854 5384.4683154523373 1027.2233829498291 325.44403839111328 10596.991869568825 31.524749517440796 996.3541431427002 266.15446424484253 135.25296676158905 447.01452039182186 3089.3915426880121 4923.8862724304199
leaf_count=14097 65173 25110 675 763 199152 77620 87468 32700 164009 33662 661 1044 30546 83 2606 88727 361 1266 38086 21390 4081 1293 42113 125 3962 1058 537 1776 12266 19553
internal_value=-0.000312889 -0.000814034 0.000640336 0.000265114 -0.000605667 -0.000277473 0.000632964 -0.00103649 -0.000523106 -0.00198415 -0.00225975 0.00161058 0.000628051 0.00749695 -0.00289502 0.00120836 4.7418e-05 -0.000832836 -0.000748234 -0.00098543 0.00216529 -0.00319936 0.00214049 0.000631686 0.00332355 0.000383316 0.00163967 -0.00140124 -0.00261335 -0.00102008
internal_weight=244694 160377 84316.3 60802.3 136135 77271.6 44609 58863.7 60835.3 24242.1 8401.39 23514 8238.48 283.433 9459.84 22499.5 22109.5 50462.4 16193.3 14974.2 1219.08 8803.83 15275.5 16436.3 4543.25 7955.04 10732.2 14782.3 3536.41 11245.8
internal_count=971963 636972 334991 241551 540706 306927 177231 233779 241629 96266 33361 93440 32731 1127 37561 89402 87829 200418 64320 59476 4844 34955 60709 65298 18059 31604 42650 58705 14042 44663
is_linear=0
shrinkage=0.03


Tree=11
num_leaves=31
num_cat=0
split_feature=2 10 16 2 2 15 21 4 4 22 21 10 24 10 10 15 15 7 19 8 23 19 15 6 15 10 19 6 8 22
split_gain=123.039 41.639 31.2906 18.7143 15.6091 13.5853 13.3761 13.3093 11.4865 10.7966 10.7905 13.2418 13.0767 10.7797 10.1375 9.96081 9.6619 9.22671 8.80984 11.1361 10.0253 8.79716 9.54704 9.1025 8.37716 10.2333 8.22805 7.72026 7.49828 7.49701
threshold=-0.42831210792064661 0.16062141209840777 0.64817035198211681 1.5943208932876589 -0.97445359826087941 0.48925617337226873 1.3052943348884585 -1.1539402604103086 4.3014981746673593 -0.65664967894554127 0.098236858844757094 -0.11246634274721144 -0.78471237421035755 1.4699999094009402 -2.0455714464187618 0.46215268969535833 -0.18588199466466901 -1.1701345443725584 -544412127.99999988 -0.9739030897617339 3.1846759319305424 -644243423.99999988 1.3216772079467776 2.8948402404785161 1.4515051245689394 1.0644604563713076 9.0202799598586913e+22 -1.0450552105903623 -0.09946070238947867 0.099999804049730315
decision_type=2 2 2 2 2 2 2 2 2 2 2 2 2 2 2 2 2 2 2 2 2 2 2 2 2 2 2 2 2 2
left_child=2 5 4 6 18 14 16 28 -8 17 12 -12 -6 -9 26 -16 -3 -4 20 -20 -1 22 -7 -23 29 -26 -2 -19 -5 -11
right_child=1 3 9 7 10 21 8 13 -10 24 11 -13 -14 -15 15 -17 -18 27 19 -21 -22 23 -24 -25 25 -27 -28 -29 -30 -31
leaf_value=0.00081023720791215006 -0.0023384648482082178 -0.00031456409541058203 0.02326757639972931 0.0021785900231360948 -0.00064335985837374787 -0.0070517518151861375 -0.0019388871985334608 -0.0016739735090982076 0.0094648391617878375 -0.00079515998428459245 0.00057301308228387051 -0.0011718463688726614 0.0018419044292002176 -0.0032790075204049657 7.8087427362145943e-05 0.0044464581188405211 -0.0011074616572661299 -0.013534366405652429 -0.00027882667872301874 0.0020260385902492223 -0.021807467609326274 -0.00067971778665130468 0.0013716108560588624 -0.0076965521088348072 0.0013385769721701258 -0.0055776524368549019 -0.014381825877412054 0.0046335662676369746 -0.0037206105005292882 0.0016975995958236406
leaf_weight=12096.215636730194 875.30641317367554 21566.350625991821 22.594591796398163 928.97455024719238 2521.2182674407959 398.62183034420013 13330.787932515144 8723.4271755218506 79.97149658203125 18145.583945870399 12329.250392913818 5735.3585582971573 7801.6859649419785 6626.9752750396729 44396.036357611418 474.80835676193237 38565.467272639275 22.441338494420052 2097.4505863189697 18769.347257614136 17.663475513458252 23484.473605155945 173.94128000736237 167.57481098175049 3342.9078698158264 204.30654859542847 54.218191623687744 339.66671405732632 245.0760326385498 1154.964552283287
leaf_count=48063 3476 85661 90 3691 10015 1582 52937 34642 318 72073 48984 22780 31001 26312 176355 1887 153161 89 8333 74594 70 93274 691 665 13281 811 215 1350 973 4589
internal_value=-0.000303503 -0.000792532 0.000621899 -0.00121914 0.00097689 -0.000243822 -0.00101416 -0.00213143 -0.00187088 -0.000315805 0.000461181 1.90352e-05 0.00123492 -0.00236689 6.00728e-05 0.000124312 -0.000823088 0.00466818 0.00142078 0.00179436 0.000777258 -0.000818381 -0.00449278 -0.000729432 -0.000399723 0.000940228 -0.00304094 0.00350762 0.000947167 -0.000645991
internal_weight=244693 160092 84600.7 90067 61368.2 70025 73542.6 16524.5 13410.8 23232.5 28387.5 18064.6 10322.9 15350.4 45800.4 44870.8 60131.8 384.703 32980.7 20866.8 12113.9 24224.6 572.563 23652 22847.8 3547.21 929.525 362.108 1174.05 19300.5
internal_count=971963 635840 336123 357695 243840 278145 292077 65618 53255 92283 112780 71764 41016 60954 181933 178242 238822 1529 131060 82927 48133 96212 2273 93939 90754 14092 3691 1439 4664 76662
is_linear=0
shrinkage=0.03


Tree=12
num_leaves=31
num_cat=0
split_feature=10 0 0 10 21 14 14 21 10 20 18 11 8 16 13 5 16 0 4 21 18 7 19 18 23 16 21 14 8 7
split_gain=108.283 50.5374 31.2275 19.838 15.1683 16.6038 12.6731 11.8414 17.3 11.7653 21.2454 10.8024 10.4648 10.1342 9.64158 9.45146 11.0693 14.3074 10.3112 9.76089 11.3209 9.28302 19.3033 8.48642 8.14544 8.06526 11.5389 7.69427 7.45681 7.45673
threshold=0.16062141209840777 -0.13403166085481641 -0.67062789201736439 1.2082563042640688 0.10405294597148897 2.9431967735290532 1.6377137303352358 -1.3269380927085874 0.75711148977279674 -2.127113819122314 3.8574154981319006e-09 -0.86678385734558094 -1.2481947541236875 0.020880131982266906 1.9155330061912539 0.84067821502685558 0.38981814682483679 1.8812226057052615 -0.35929866135120386 0.10054389014840127 3.9899983317326368e-09 -1.8326115012168882 -590973215.99999988 3.8986409656160967e-09 -0.30737246572971338 0.21537282317876819 0.19024018198251727 3.1305631399154668 0.21212505549192431 -1.1351448297500608
decision_type=2 2 2 2 2 2 2 2 2 2 2 2 2 2 2 2 2 2 2 2 2 2 2 2 2 2 2 2 2 2
left_child=1 9 7 4 13 -6 14 8 -2 10 12 -10 -1 -4 -5 19 17 -17 -18 20 -3 22 -11 -8 -23 29 -27 -21 -12 -9
right_child=2 15 3 6 5 -7 23 25 11 21 28 -13 -14 -15 -16 16 18 -19 -20 27 -22 24 -24 -25 -26 26 -28 -29 -30 -31
leaf_value=-0.0047320918597388972 0.0046268210711598728 0.00089018751072471986 0.0005105357352687671 -0.0012783815452300481 -0.0014086861467912995 0.0029548120983059816 -0.0038060754260047657 0.0032305989551967011 0.0027605687358431262 0.020848906846571685 0.0020610501002417464 -0.0040905040296286875 0.0053385350126530125 -0.00080540638901802335 -0.0030543144495788735 5.6720664292360458e-05 0.020521561871833863 0.013060619314082485 -0.0018551368233710693 -0.000404337878525991 -0.0003001115510627165 0.0018601239243917823 -0.011999975528431225 -0.001685139579818669 0.00067438466462278258 -0.0022431490229915248 0.0075028855642185685 -0.0096083698593793215 -0.00071092024673479967 -0.0003895629170601684
leaf_weight=97.945267677307129 1174.830817937851 14572.188918530941 8367.3622589111328 19385.762897491455 34981.697940826416 802.8504638671875 4360.7210540771484 529.4703526198864 375.70165634155273 18.83408311009407 2055.2151126861572 461.639568567276 1791.1831574440002 14214.147720336914 3206.3544692993164 2938.2784323692322 18.585001185536385 78.173422336578369 6710.2381074875593 39494.607898712158 14198.186767578125 5842.5587891340256 110.92037245631218 2780.5360870361328 48473.122393727303 177.77890893816948 283.97559979557991 81.913121223449707 1518.9016404151917 15587.906776219606
leaf_count=389 4670 57892 33239 76988 138924 3190 17313 2104 1493 75 8168 1833 7123 56454 12731 11672 74 311 26648 156872 56398 23216 440 11042 192593 706 1129 325 6035 61916
internal_value=-0.000294399 0.000260501 -0.00101214 -0.00124792 -0.000926605 -0.00131079 -0.00187864 0.000105126 0.00227841 0.00091596 0.00224315 -0.00101654 0.00481641 -0.000317797 -0.00153043 -0.000242337 -0.00111637 0.000393726 -0.00179333 -0.000117712 0.000302775 0.000782784 -0.0072319 -0.00298026 0.000801931 -0.00015864 0.00375059 -0.000423388 0.000883039 -0.000270637
internal_weight=244692 138001 106691 88099.4 58366.1 35784.5 29733.4 18591.3 2012.17 59908.7 5463.25 837.341 1889.13 22581.5 22592.1 78092.2 9745.27 3016.45 6728.82 68346.9 28770.4 54445.4 129.754 7141.26 54315.7 16579.1 461.755 39576.5 3574.12 16117.4
internal_count=971963 548231 423732 349881 231807 142114 118074 73851 7996 238039 21715 3326 7512 89693 89719 310192 38705 11983 26722 271487 114290 216324 515 28355 215809 65855 1835 157197 14203 64020
is_linear=0
shrinkage=0.03


Tree=13
num_leaves=31
num_cat=0
split_feature=2 0 10 0 2 20 12 18 11 14 9 20 8 0 8 0 11 22 25 22 3 3 10 0 23 10 22 20 3 11
split_gain=111.975 38.9659 36.2147 18.053 15.0173 12.9927 14.8394 13.3212 12.2215 14.4354 21.5753 10.7581 11.2082 9.76386 11.2371 9.66838 13.7056 9.57389 9.32637 9.27178 13.5422 13.0629 8.95874 13.83 10.6726 8.62765 11.0838 8.57053 7.4532 7.37743
threshold=-0.42831210792064661 -0.22799915075302121 0.16062141209840777 -0.31953422725200648 -1.8812106847763059 1.2426788806915285 1.3509388566017153 6.0431843973418617e-09 -0.14189265668392179 1.3846399188041689 -0.69727158546447743 0.1784048676490784 2.5889441967010502 0.23258623480796817 -1.62104856967926 0.044792776927351959 -0.5398941934108733 -0.00076442840509116639 3.1886705160140996 -1.1276487743572259e-08 2.831346988677979 3.718595147132874 -0.47133713960647577 -1.7501726150512693 -4.6098988056182852 -1.2774391174316404 0.62503907084465038 0.18080998957157138 2.7735536098480229 2.8636471033096318
decision_type=2 2 2 2 2 2 2 2 2 2 2 2 2 2 2 2 2 2 2 2 2 2 2 2 2 2 2 2 2 2
left_child=1 4 8 19 25 6 -5 -7 9 17 -11 12 -10 15 -15 29 -17 -2 -16 20 -4 -21 23 -6 -24 26 -1 -13 -27 -3
right_child=2 13 3 5 22 7 -8 -9 11 10 -12 27 -14 14 18 16 -18 -19 -20 21 -22 -23 24 -25 -26 28 -28 -29 -30 -31
leaf_value=0.0039925277283067925 0.0010929094164381118 3.5974629967459517e-06 0.00076708529833007986 -0.00090506821225582303 -0.00078844666874610888 -0.0028236078360448576 -0.0021274194079162999 -0.00095747997324594999 -8.3808523595931435e-06 -0.0056399540061211218 0.0074236757183871616 -0.0074999683225187956 -0.0053064940297053997 -0.0080490694246672812 -0.00043283462291575104 0.0049103638114359159 0.00087539803202702328 -0.00021531116558154762 0.0062610377475435458 -0.00097904472416510948 -0.0048854004423602212 0.0047025119553115169 -0.013859613006138086 0.0017394611308849488 0.00044043904198866492 0.00098763531869408669 -0.014045773514278291 -0.00096113500053729482 0.0035745917926481218 0.0091095115324889651
leaf_weight=2814.0299830436707 7170.3426302075386 16606.940003395081 6971.2144784927368 40972.278726220131 2219.3184814453125 9826.9092267751694 11432.723741531372 5299.2753248214722 23240.288706094027 144.85140931606293 530.46004903316498 181.93280792236328 365.0088996887207 173.12137985229492 22258.392509460449 867.10228824615479 6001.4106664657593 16903.19314044714 188.91680908203125 14787.129174232483 403.54528713226318 373.40402126312256 47.149814605712891 15920.429414749146 12458.51226234436 3533.2178153991699 30.995270252227783 21488.748107910156 1399.2741737365723 80.463603019714355
leaf_count=11189 28487 65972 27693 162723 8818 39019 45399 21046 92315 575 2109 722 1449 687 88410 3447 23844 67144 751 58729 1602 1484 187 63272 49498 14042 123 85344 5563 320
internal_value=-0.000285568 0.000597254 -0.000752091 -0.00114994 0.00130308 -0.0013953 -0.00117174 -0.00216983 -0.000240367 0.000295694 0.00462158 -0.00053339 -9.03056e-05 9.94631e-06 -0.00043522 0.000437433 0.00138478 0.000174345 -0.000376499 -0.000414696 0.000457782 -0.000839108 0.00100429 0.00143018 0.000386524 0.00248037 0.00379601 -0.00101603 0.00172152 4.75045e-05
internal_weight=244691 84599.3 160091 90066.5 38422.9 67531.2 52405 15126.2 70024.8 24748.8 675.311 45276 23605.3 46176.3 22620.4 23555.9 6868.51 24073.5 22447.3 22535.3 7374.76 15160.5 30645.4 18139.7 12505.7 7777.52 2845.03 21670.7 4932.49 16687.4
internal_count=971963 336123 635840 357695 152692 268187 208122 60065 278145 98315 2684 179830 93764 183431 89848 93583 27291 95631 89161 89508 29295 60213 121775 72090 49685 30917 11312 86066 19605 66292
is_linear=0
shrinkage=0.03


end of trees

feature_importances:
return_1=46
up_vol_ratio_10=34
return_15=32
microprice_vs_mid=32
return_5=23
volume_ratio_5=23
close_pos_zscore=17
volume_zscore_20=16
obi_est=16
ofi_est_10=16
cvd_cumsum_10=15
cvd_cumsum_30=15
close_position=15
microprice_est=14
cvd_delta=13
volume_zscore_50=12
obi_est_5=12
ofi_est_30=12
volume_accel=10
realized_vol_20=9
body_ratio=9
hl_range=8
cvd_slope_10=6
spread_zscore=6
spread_proxy=5
hl_range_zscore=4

parameters:
[boosting: gbdt]
[objective: binary]
[metric: binary_logloss]
[tree_learner: serial]
[device_type: gpu]
[data_sample_strategy: bagging]
[data: ]
[valid: ]
[num_iterations: 300]
[learning_rate: 0.03]
[num_leaves: 31]
[num_threads: 0]
[seed: 42]
[deterministic: 0]
[force_col_wise: 1]
[force_row_wise: 0]
[histogram_pool_size: -1]
[max_depth: 5]
[min_data_in_leaf: 50]
[min_sum_hessian_in_leaf: 0.001]
[bagging_fraction: 0.7]
[pos_bagging_fraction: 1]
[neg_bagging_fraction: 1]
[bagging_freq: 0]
[bagging_seed: 400]
[bagging_by_query: 0]
[feature_fraction: 0.8]
[feature_fraction_bynode: 1]
[feature_fraction_seed: 30056]
[extra_trees: 0]
[extra_seed: 12879]
[early_stopping_round: 0]
[early_stopping_min_delta: 0]
[first_metric_only: 0]
[max_delta_step: 0]
[lambda_l1: 0]
[lambda_l2: 0]
[linear_lambda: 0]
[min_gain_to_split: 0]
[drop_rate: 0.1]
[max_drop: 50]
[skip_drop: 0.5]
[xgboost_dart_mode: 0]
[uniform_drop: 0]
[drop_seed: 17869]
[top_rate: 0.2]
[other_rate: 0.1]
[min_data_per_group: 100]
[max_cat_threshold: 32]
[cat_l2: 10]
[cat_smooth: 10]
[max_cat_to_onehot: 4]
[top_k: 20]
[monotone_constraints: ]
[monotone_constraints_method: basic]
[monotone_penalty: 0]
[feature_contri: ]
[forcedsplits_filename: ]
[refit_decay_rate: 0.9]
[cegb_tradeoff: 1]
[cegb_penalty_split: 0]
[cegb_penalty_feature_lazy: ]
[cegb_penalty_feature_coupled: ]
[path_smooth: 0]
[interaction_constraints: ]
[verbosity: -1]
[saved_feature_importance_type: 0]
[use_quantized_grad: 0]
[num_grad_quant_bins: 4]
[quant_train_renew_leaf: 0]
[stochastic_rounding: 1]
[linear_tree: 0]
[max_bin: 255]
[max_bin_by_feature: ]
[min_data_in_bin: 3]
[bin_construct_sample_cnt: 200000]
[data_random_seed: 175]
[is_enable_sparse: 1]
[enable_bundle: 1]
[use_missing: 1]
[zero_as_missing: 0]
[feature_pre_filter: 1]
[pre_partition: 0]
[two_round: 0]
[header: 0]
[label_column: ]
[weight_column: ]
[group_column: ]
[ignore_column: ]
[categorical_feature: ]
[forcedbins_filename: ]
[precise_float_parser: 0]
[parser_config_file: ]
[objective_seed: 16083]
[num_class: 1]
[is_unbalance: 1]
[scale_pos_weight: 1]
[sigmoid: 1]
[boost_from_average: 1]
[reg_sqrt: 0]
[alpha: 0.9]
[fair_c: 1]
[poisson_max_delta_step: 0.7]
[tweedie_variance_power: 1.5]
[lambdarank_truncation_level: 30]
[lambdarank_norm: 1]
[label_gain: ]
[lambdarank_position_bias_regularization: 0]
[eval_at: ]
[multi_error_top_k: 1]
[auc_mu_weights: ]
[num_machines: 1]
[local_listen_port: 12400]
[time_out: 120]
[machine_list_filename: ]
[machines: ]
[gpu_platform_id: -1]
[gpu_device_id: -1]
[gpu_use_dp: 0]
[num_gpu: 1]

end of parameters

pandas_categorical:null
