tree
version=v4
num_class=1
num_tree_per_iteration=1
label_index=0
max_feature_idx=25
objective=binary sigmoid:1
feature_names=return_1 return_5 return_15 realized_vol_20 hl_range hl_range_zscore volume_zscore_20 volume_zscore_50 volume_ratio_5 volume_accel up_vol_ratio_10 cvd_delta cvd_cumsum_10 cvd_cumsum_30 cvd_slope_10 close_position close_pos_zscore body_ratio obi_est obi_est_5 microprice_est microprice_vs_mid ofi_est_10 ofi_est_30 spread_proxy spread_zscore
feature_infos=[-9.6500835418701172:9.7011356353759766] [-9.0468015670776367:8.9526844024658203] [-7.9419302940368652:8.5755233764648438] [-3.4416084289550781:9.5192079544067383] [-2.6872975826263428:9.7567081451416016] [-2.6203775405883789:6.87701416015625] [-3.4245889186859131:4.2485160827636719] [-2.0146431922912598:6.9077968597412109] [-2.8058974742889404:6.8291082382202148] [-3.8581211566925049:4.5353808403015137] [-3.9804165363311768:4.3446130752563477] [-9.7467422485351562:9.6303339004516602] [-9.1631860733032227:8.6688385009765625] [-8.4013833999633789:8.2037506103515625] [-8.4734334945678711:8.0024919509887695] [-2.1239166259765625:2.0828635692596436] [-3.0060672760009766:4.2485289573669434] [-7.0093674659729004:9.8999996185302734] [-7.3273105621337891:20.161243438720703] [-3355240:4.9025338866825274e+23] [-9.8998451232910156:9.1950712203979492] [-9.8998422622680664:9.1318559646606445] [-176.00823974609375:84.734512329101562] [-151.34342956542969:89.545242309570312] [-2.6872975826263428:9.7567081451416016] [-2.6203775405883789:6.87701416015625]
tree_sizes=3240 3514 3409 3525 3539 3431 3529

Tree=0
num_leaves=29
num_cat=0
split_feature=1 8 14 11 7 4 6 12 20 25 22 4 12 16 15 11 10 20 10 12 25 6 23 19 8 10 21 6
split_gain=25.9437 36.4413 33.7293 19.716 19.2199 31.6213 29.3274 23.1005 18.3611 23.9375 17.3518 16.1722 20.0418 20.8304 19.4554 21.4223 16.0993 15.0293 14.1524 13.507 13.205 13.017 24.7989 12.921 20.8598 13.7803 12.7401 8.80791
threshold=-0.94172710180282582 1.7792354822158816 -0.50657075643539418 4.2084867954254159 1.3965480327606203 0.74958354234695446 -0.23359259217977521 -0.78039953112602223 0.93475896120071422 1.5621140003204348 -2.2039520740509029 1.708980441093445 -0.26583625376224512 -0.70820459723472584 -1.3116426467895506 -0.49946424365043635 0.58685073256492626 -1.2880151867866514 0.18868571519851687 0.60091459751129161 1.3355213403701784 1.6582978963851931 2.2276548147201543 794.73809814453136 -0.97012633085250843 0.45449784398078924 0.16137854754924777 1.1799342632293703
decision_type=2 2 2 2 2 2 2 2 2 2 2 2 2 2 2 2 2 2 2 2 2 2 2 2 2 2 2 2
left_child=1 3 16 8 6 7 20 -6 10 -10 -1 12 13 -3 17 -16 23 -13 -8 -7 -4 26 -23 24 -2 -25 -18 -14
right_child=2 11 4 -5 5 19 18 -9 9 -11 -12 14 27 -15 15 -17 21 -19 -20 -21 -22 22 -24 25 -26 -27 -28 -29
leaf_value=0.036575083199940711 0.0059218619257378376 0.031654726981273917 0.029816763109250282 0.0058235846363977536 0.045394710320211362 0.027435872926339908 0.028951473512317485 0.032342069266987308 0.026808558008168504 0.013936053861589765 0.028814109493203059 0.026839199967471212 0.02224364285271066 0.009624611771682369 0.025923854341073721 0.0074586007058776368 0.031039061879342432 0.0034820946866040425 0.027154545171043314 0.030412207395467475 0.038253976530187729 0.017103041656681806 0.053071676569787854 0.030701084376524461 0.03561734343004791 0.024147295762309822 0.037447327538477015 0.048828654172025088
leaf_weight=269.34615643322468 21.976240590214729 92.785246849060059 14669.933903217316 34.355979442596436 126.81093980371952 2372.3840017318726 7906.3752631247044 3236.8476486057043 748.48420341312885 157.34736776351929 6931.6290012300014 32.255559578537941 14.675049304962156 66.180803179740906 276.63997925817966 71.073045432567596 427.5311441719532 107.17689636349678 7872.3808746337891 3255.1789484024048 168.86985492706299 85.808084726333618 21.592643618583679 7165.2585259079933 681.58003006875515 300.87132489681244 804.83906015753746 47.585593342781067
leaf_count=1224 84 272 80737 72 327 5232 38540 8372 3149 372 20877 71 76 220 619 177 1846 210 35059 7274 559 219 45 26922 1791 1238 3643 181
internal_value=0.0294293 0.0279341 0.0296987 0.0285019 0.0293135 0.0305329 0.0289553 0.0328342 0.028598 0.0245725 0.0291044 0.0214077 0.0281341 0.0224831 0.018353 0.0221495 0.0313031 0.0088854 0.0280549 0.0291575 0.0299128 0.0343512 0.0243344 0.0308032 0.0346898 0.030437 0.0352242 0.0425625
internal_weight=57967.8 8849.53 49118.2 8141.16 39608.8 8991.22 30617.6 3363.66 8106.81 905.832 7200.98 708.372 221.227 158.966 487.145 347.713 9509.46 139.432 15778.8 5627.56 14838.8 1339.77 107.401 8169.69 703.556 7466.13 1232.37 62.2606
internal_count=239408 27520 211888 25694 176100 21205 154895 8699 25622 3521 22101 1826 749 492 1077 796 35788 281 73599 12506 81296 5753 264 30035 1875 28160 5489 257
is_linear=0
shrinkage=1


Tree=1
num_leaves=31
num_cat=0
split_feature=13 19 4 8 11 20 1 1 13 19 0 13 1 6 15 21 3 7 18 21 23 1 11 15 23 3 0 20 1 1
split_gain=36.984 38.1596 26.8521 19.6639 26.6192 26.2958 24.7011 18.1243 20.7739 17.919 17.1284 17.6769 16.8566 16.7109 24.0035 19.2701 20.9314 16.4437 16.3436 16.1758 27.5288 15.3364 14.5818 14.2932 13.2516 12.5832 12.1395 10.5926 9.64959 8.99801
threshold=1.129438638687134 1327.5452880859377 2.4460829496383671 1.2907956242561343 -3.0909214019775386 -2.3003207445144649 0.11028557270765306 0.60430192947387706 1.1075382232666018 2963.380004882813 0.75054180622100841 3.2045898437500004 -0.056682135909795754 4.0031018257141122 1.4685379266738894 1.8248667716979983 0.92880019545555126 3.3113183975219731 -5.957456750138589e-13 1.2960537672042849 -0.24953989684581754 2.7436547279357915 -2.1692693233489986 -1.1473267674446104 1.2089183330535891 -0.44584210216999048 -2.4992655515670772 0.73097965121269237 0.47790107131004339 0.83898907899856578
decision_type=2 2 2 2 2 2 2 2 2 2 2 2 2 2 2 2 2 2 2 2 2 2 2 2 2 2 2 2 2 2
left_child=3 2 10 7 6 25 9 19 17 -5 12 -12 -2 15 28 21 -17 -9 -10 20 -1 -3 -7 -8 27 -6 -21 -4 -15 -26
right_child=1 13 24 4 5 22 23 8 18 -11 11 -13 -14 14 -16 16 -18 -19 -20 26 -22 -23 -24 -25 29 -27 -28 -29 -30 -31
leaf_value=0.0011301729350784247 0.0014698336572366011 0.00023694401439697875 -0.022933342282831882 -0.015837004923166892 -0.015589043779329527 0.0035451096763209704 0.024776729476861142 -0.0022924933301514201 -0.034230792573423048 -0.0049843342804186527 0.0047716115595080174 -0.013161908386568937 -0.0058744177216577004 0.0038404997161219623 -0.013735520913907878 0.0064818089430085588 -0.00079171590250560553 -0.010970888381189071 -0.004724570418964606 -0.033530034605367007 -0.0012133942236396775 0.013520191209892776 -0.0033685789218707257 -0.0057220565457504601 0.011136584715062139 0.014232114882885729 -0.0025397073267091857 -0.0047410333347906635 0.018690227042835291 -0.011465294249538177
leaf_weight=5496.0044636726379 398.75647920370102 5626.2956997007132 109.31060938537121 312.39054705202579 14.340303078293799 294.53906941413879 28.415380969643593 7171.3677885681391 33.248075842857361 243.77406316995621 445.67606985569 55.643360137939453 954.59627765417099 57.5853181630373 33.210944354534149 1098.5895849615335 526.84999847412109 202.0356666892767 34.35050356388092 11.401185750961302 25170.534103631973 79.330126523971558 4047.3819259405136 26.941813617944717 27.505864322185516 113.73309396207333 5153.793616771698 39.111550703644753 124.59810851514339 37.417638659477234
leaf_count=35461 1241 22290 241 650 47 634 61 29180 101 483 1185 135 2753 116 69 4090 2714 459 144 28 90912 268 15213 63 48 435 29973 80 254 80
internal_value=-0.00120419 0.000495172 -0.00311523 -0.00154208 -0.00330751 -0.0025044 -0.00917793 -0.00133477 -0.00268206 -0.0110801 -0.0019558 0.0027811 -0.00371048 0.00148456 0.00972056 0.00124258 0.00412426 -0.00253029 -0.0192371 -0.00105498 -0.000793384 0.000421632 -0.00289958 0.00993326 -0.0131944 0.0108931 -0.00260811 -0.0181394 0.0139965 -0.00188965
internal_weight=57968.7 9614.48 2068.02 48354.3 5081.52 4469.99 611.522 43272.7 7441 556.165 1854.67 501.319 1353.35 7546.46 215.394 7331.07 1625.44 7373.4 67.5986 35831.7 30666.5 5705.63 4341.92 55.3572 213.346 128.073 5165.19 148.422 182.183 64.9235
internal_count=239408 35564 5763 203844 17586 16329 1257 186258 29884 1133 5314 1320 3994 29801 439 29362 6804 29639 245 156374 126373 22558 15847 124 449 482 30001 321 370 128
is_linear=0
shrinkage=0.03


Tree=2
num_leaves=30
num_cat=0
split_feature=13 19 24 1 8 12 3 22 20 14 11 9 15 8 21 15 3 0 11 9 1 4 13 19 16 16 12 7 12
split_gain=34.7972 35.904 25.2608 19.7594 32.2434 30.6407 22.8849 23.6512 20.7532 19.8399 18.3191 17.3075 27.3453 19.434 18.3214 16.4534 16.4108 16.1168 15.1317 15.055 14.8863 13.5288 13.202 14.6497 13.1833 11.885 11.8091 10.2435 12.3104
threshold=1.129438638687134 1327.5452880859377 2.4460829496383671 -0.94172710180282582 1.7792354822158816 -0.74120888113975514 -0.87179106473922718 2.6018421649932866 1.8703905940055849 0.55155193805694591 4.2084867954254159 1.9132143855094912 1.3061066865921023 1.4208503961563113 1.8470683097839358 -0.4569746851921081 2.0521140098571782 0.83023571968078624 -0.824680596590042 1.5522126555442812 -0.056682135909795754 2.052725195884705 -2.6506330966949458 2665.5202636718755 0.59577488899230968 -1.4670501947402952 2.7105904817581181 1.4324674606323244 4.0913884639739999
decision_type=2 2 2 2 2 2 2 2 2 2 2 2 2 2 2 2 2 2 2 2 2 2 2 2 2 2 2 2 2
left_child=3 2 17 4 10 6 21 -8 9 -7 16 13 24 14 -3 -15 -1 20 -10 -19 -2 -5 23 -6 -13 -24 -14 -4 -29
right_child=1 11 27 5 22 8 7 -9 18 -11 -12 12 26 15 -16 -17 -18 19 -20 -21 -22 -23 25 -25 -26 -27 -28 28 -30
leaf_value=-0.0026830455151712349 0.0013449176995000583 0.0006286377854461694 -0.030137674501085981 0.01047047241218281 -0.035545230311505228 -0.0017962065463429839 0.00070087256762064521 -0.0074618102165066669 0.0036646100731550632 2.1641769869165371e-05 -0.02535981068605769 0.0053550229958019098 -0.012244497985685778 0.010437818624835725 0.0043665416893858876 -0.0094903078566108447 0.0016836687455005384 0.0044041238535927818 -0.0052341410559255145 -0.019277867121027595 -0.0054534869365142798 -0.016189651515911074 -0.020832568139002913 -0.0082448168297289213 0.019460713591362463 -0.0063291768201693315 0.0097355506308076881 -0.0066068153464330552 -0.026362185244832467
leaf_weight=6624.4484751969576 408.67681685090065 5401.2959527671337 26.80706912279129 276.38746309280396 33.921415448188782 24451.605499759316 5975.339664414525 337.51436161994934 188.61617887020111 6936.192403241992 30.790984153747559 104.01930838823318 68.132395029067993 43.932840272784233 1510.1289711296558 246.52041871845722 877.13484160602093 423.22343590855598 1949.4912175089121 25.622056275606155 997.19078376889229 18.262739181518555 55.903786063194275 36.970610499382019 139.74333614110947 562.65831625461578 32.489200115203857 151.63666749000549 34.927717626094818
leaf_count=19798 1265 21520 62 1198 63 119911 19236 810 572 25693 60 307 166 210 6346 839 3467 1126 11298 63 2860 29 126 63 349 1520 64 314 73
internal_value=-0.00116804 0.000480328 -0.00302166 -0.00149579 -0.00283563 -0.0012213 0.00064589 0.000264458 -0.0015893 -0.00139449 -0.00226725 0.00144006 0.00801019 0.00112589 0.00144536 -0.00647606 -0.00217246 -0.00189708 -0.00444913 0.00305225 -0.00347723 0.00881805 -0.00904534 -0.0213079 0.0134415 -0.00763995 -0.00514747 -0.012797 -0.0103053
internal_weight=57969.6 9614.35 2068.08 48355.2 8221.83 40133.4 6607.5 6312.85 33525.9 31387.8 7532.37 7546.26 344.384 7201.88 6911.42 290.453 7501.58 1854.71 2138.11 448.845 1405.87 294.65 689.454 70.892 243.763 618.562 100.622 213.371 186.564
internal_count=239408 35564 5763 203844 25097 178747 21273 20046 157474 145604 23325 29801 886 28915 27866 1049 23265 5314 11870 1189 4125 1227 1772 126 656 1646 230 449 387
is_linear=0
shrinkage=0.03


Tree=3
num_leaves=31
num_cat=0
split_feature=13 12 1 12 6 9 22 2 14 9 2 22 15 9 11 23 7 9 1 7 11 2 7 13 24 4 14 2 11 2
split_gain=32.7398 23.3626 18.5907 28.829 24.8779 22.6303 22.1964 21.4283 22.1315 18.7651 18.3479 19.9916 16.5501 36.9866 27.678 24.4331 16.3023 15.7436 23.6186 18.2063 17.7634 15.6588 15.1625 14.9292 14.3573 14.2934 13.3602 12.7452 14.9459 14.8156
threshold=1.129438638687134 1.4573015570640566 -0.94172710180282582 -0.74120888113975514 2.795950293540955 -2.463035941123962 2.7487909793853764 0.67739284038543712 0.36721155047416693 -0.79742145538330067 -0.90967068076133717 -2.2039520740509029 1.4787983894348147 -1.0917206406593321 1.9178164601325991 0.90139305591583263 3.3113183975219731 -1.6800774335861204 0.373060092329979 1.0835748314857485 1.6372005343437197 1.40662556886673 2.7080980539321904 1.8844977021217348 0.6114507019519807 0.68708801269531261 -0.096304867416620241 -0.7298179268836974 -2.7644764184951778 -0.61995893716812123
decision_type=2 2 2 2 2 2 2 2 2 2 2 2 2 2 2 2 2 2 2 2 2 2 2 2 2 2 2 2 2 2
left_child=2 17 4 5 10 25 -7 9 -9 -5 11 -1 14 21 16 -16 -3 18 19 -2 24 -14 -12 -15 -19 -4 -22 28 -6 -29
right_child=1 12 3 7 27 6 -8 8 -10 -11 22 -13 13 23 15 -17 -18 20 -20 -21 26 -23 -24 -25 -26 -27 -28 29 -30 -31
leaf_value=0.0089202998076599142 0.010253914770244312 -0.0015722266150546755 -0.0044567761340453893 -0.0028944642158306891 -0.016832693841362305 0.0012911995596222329 -0.0067039274869310946 -0.0042812760474942313 -0.00084908099436389059 -0.0007779815212923479 -0.0050647780348460703 -0.0014866072322890327 0.0029623144303363492 -0.021418501719351606 -0.0038013753627334939 0.0069219470193228457 -0.011615235506676362 0.0024157886241060545 -0.020388778833407291 -0.018741949208551625 0.0023067750978895411 0.038937127378833931 0.001454464668236315 -0.0066016071731885796 -0.0016649469814555395 -0.024758765631327291 0.014181312290772066 0.014454226229489745 -0.0064602121277627326 -0.0058011296246576706
leaf_weight=172.39062441885471 71.211034491658211 2841.5385414361954 92.096980109810829 4560.3760070800781 204.96786308288574 6138.8405827283859 329.2801841199398 4497.6322877109051 2709.4924926757812 21759.108157217503 2383.5231418609619 4574.2048212140799 28.252872049808502 100.41393771767616 268.62205410003662 663.77807331085205 153.31529939174652 3903.2563749551773 71.139673188328743 26.832765907049179 159.15130116045475 17.718662708997726 371.07013511657715 156.72428303956985 968.49525028467178 47.209008201956749 183.7067823857069 41.182028770446777 320.56171798706055 154.15531063079834
leaf_count=816 316 8376 299 19651 420 20097 779 22542 11322 103959 7923 13844 73 270 640 1540 324 19361 261 52 458 56 742 436 2914 98 487 97 886 369
internal_value=-0.00113299 0.000465932 -0.00145089 -0.00118464 -0.00275049 0.000626523 0.000884182 -0.00154159 -0.00299095 -0.0011447 -0.00223892 -0.00110864 -0.0012024 -0.00795666 -0.000681095 0.00383259 -0.00208636 0.00177684 -0.00722977 0.00231829 0.00206905 0.016828 -0.00418657 -0.0123877 0.00160455 -0.0113369 0.00866927 -0.00807372 -0.0105057 -0.00153079
internal_weight=57970.2 9614.16 48356.1 40134 8222.06 6607.43 6468.12 33526.6 7207.12 26319.5 7501.19 4746.6 4230.36 303.11 3927.25 932.4 2994.85 5383.79 169.183 98.0438 5214.61 45.9715 2754.59 257.138 4871.75 139.306 342.858 720.867 525.53 195.337
internal_count=239408 35564 203844 178747 25097 21273 20876 157474 33864 123610 23325 14660 11715 835 10880 2180 8700 23849 629 368 23220 129 8665 706 22275 397 945 1772 1306 466
is_linear=0
shrinkage=0.03


Tree=4
num_leaves=31
num_cat=0
split_feature=13 19 10 3 23 24 2 1 8 2 6 23 21 19 18 2 3 7 0 6 0 13 1 10 8 18 4 0 13 15
split_gain=30.8043 33.3704 25.8697 30.6383 26.7405 23.7753 20.3913 17.4914 29.0915 21.7162 17.3288 17.212 17.1739 16.8847 16.267 20.5135 15.4262 15.2307 37.262 24.0224 15.1569 16.603 14.8297 13.0233 16.4319 15.2296 12.6291 17.0206 13.2829 9.98879
threshold=1.129438638687134 1327.5452880859377 0.90054738521575939 1.5465075373649599 0.81253215670585643 2.4460829496383671 2.3733501434326176 -0.94172710180282582 1.7792354822158816 0.69092458486557018 -1.2109185457229612 -0.10874320939183234 1.8248667716979983 544.81982421875011 -0.0038755902787670489 2.7907652854919438 -0.74678391218185414 1.4680904746055605 0.13810704648494723 0.32415102422237402 0.75054180622100841 3.2045898437500004 -0.056682135909795754 1.1506834030151369 0.35906212031841284 -9.7414367154421957e-13 1.708980441093445 -1.4616893529891966 0.47335477173328405 1.2316671609878542
decision_type=2 2 2 2 2 2 2 2 2 2 2 2 2 2 2 2 2 2 2 2 2 2 2 2 2 2 2 2 2 2
left_child=7 5 4 6 12 20 -4 8 11 17 -6 -1 -3 -13 15 -11 -16 19 -19 -9 22 -22 -2 25 -25 -7 28 -28 -10 -5
right_child=1 2 3 29 10 23 -8 9 26 14 -12 13 -14 -15 16 -17 -18 18 -20 -21 21 -23 -24 24 -26 -27 27 -29 -30 -31
leaf_value=0.001575851216901414 0.0013755915690648914 0.00038920595921145207 0.003671040809932974 -0.0027474104057173677 -0.023953537987398129 -0.01138029350406353 0.013339854666316759 -0.00056668639912118104 -0.0048480791774667487 -0.0074737290379132768 -0.0030890646428267366 0.0055425476499003376 0.0063657545319031434 -0.0029652655327400924 -0.0057689157365104918 -0.042404797106811852 -0.0017541424650834613 0.0023981181952812702 -0.0020917913123664378 -0.0026075512201070871 0.0045526352135763642 -0.012826855318057119 -0.0055129733504004613 -0.034874615688921293 -0.010162048594315602 0.014931372687724175 -0.0087127791804997301 -0.023782480059248906 0.021488535040286489 -0.015939914236555424
leaf_weight=981.96648426353931 398.73531445860863 2460.7871295213699 2695.2530975341797 250.05722808837891 36.840221077203751 87.684835061430931 211.73067474365234 18391.579796135426 195.96215943992138 301.73715734481812 1301.073500007391 217.14031267166138 525.05448424816132 6333.6590130776167 994.80031232535839 15.929445743560789 6420.8117735534906 3846.8377275466919 2931.0606927871704 7231.8290452957153 445.61145263910294 55.649616241455078 954.72820696234703 41.033427715301514 59.082682386040688 25.57277500629425 393.18761873245239 81.422915935516357 18.897223189473152 65.101448059082031
leaf_count=5403 1241 11615 9323 1249 116 177 665 92576 643 1409 3756 591 2793 17331 5068 87 29503 8828 6648 34628 1185 135 2753 81 124 67 858 190 81 284
internal_value=-0.00109899 0.000451968 0.00137726 0.00341205 -0.0001391 -0.00292417 0.00437527 -0.00140734 -0.00266791 -0.00114909 -0.00366358 -0.00212804 0.00144017 -0.00268326 -0.0025775 -0.00922535 -0.00229272 -0.000808165 0.000456484 -0.00114269 -0.00183315 0.00262318 -0.00348358 -0.0124077 -0.0202907 -0.0054393 -0.00856624 -0.0112981 -0.00253173 -0.00547255
internal_weight=57970.8 9614 7545.9 3222.14 4323.76 2068.1 2906.98 48356.8 8222.24 40134.6 1337.91 7532.77 2985.84 6550.8 7733.28 317.667 7415.61 32401.3 6777.9 25623.4 1854.72 501.261 1353.46 213.374 100.116 113.258 689.47 474.611 214.859 315.159
internal_count=239408 35564 29801 11521 18280 5763 9988 203844 25097 178747 3872 23325 14408 17922 36067 1496 34571 142680 15476 127204 5314 1320 3994 449 205 244 1772 1048 724 1533
is_linear=0
shrinkage=0.03


Tree=5
num_leaves=30
num_cat=0
split_feature=13 19 10 12 3 4 2 19 13 12 21 10 19 8 1 8 13 2 1 22 3 5 3 16 22 10 8 18 16
split_gain=28.9831 31.3989 24.343 33.2867 28.829 22.3731 19.1954 18.448 17.1339 25.3658 24.5871 24.2942 24.0084 22.7828 21.0137 20.8637 19.8857 17.876 20.9184 16.3195 15.0116 14.3185 12.871 19.7488 15.748 12.2576 15.4742 14.3301 8.09504
threshold=1.129438638687134 1327.5452880859377 0.90054738521575939 1.2518527507781985 1.5465075373649599 2.4460829496383671 2.3733501434326176 1583.2612915039065 -1.6508730649948118 -0.64462870359420765 0.28120946884155279 -2.5257422924041744 833.03753662109386 -1.0032998919486997 -0.89625656604766835 4.642226219177247 -2.0791668891906734 -1.3273357748985288 -1.2928590774536131 3.1215618848800664 -0.55281472206115712 -0.667648285627365 -0.27023261785507197 0.88936015963554393 0.94862148165702831 1.1506834030151369 0.35906212031841284 -9.7414367154421957e-13 0.91557130217552196
decision_type=2 2 2 2 2 2 2 2 2 2 2 2 2 2 2 2 2 2 2 2 2 2 2 2 2 2 2 2 2
left_child=8 5 3 21 6 22 -4 -5 10 12 15 -12 13 -10 -14 16 -1 19 -19 -11 -13 -3 24 -24 -2 27 -27 -7 -6
right_child=1 2 4 7 28 25 -8 -9 9 17 11 20 14 -15 -16 -17 -18 18 -20 -21 -22 -23 23 -25 -26 26 -28 -29 -30
leaf_value=-0.00027901147716349704 -0.0089520570676199628 -0.0015735232575787462 0.0035611495998103073 0.004116232540356971 -0.0023611764125623458 -0.011038902990125703 0.012943412209157601 -0.005921895883591103 -0.026029725671420166 0.0013307200499143869 0.02334567223741741 0.0003680561395927426 -0.0023628744736147169 0.0062147199139473202 0.0010142199615020438 -0.023304041824454568 -0.0043884388575723653 -0.0060901433526531967 -0.0015591757806162716 -0.021346542682426275 -0.0088832966792598573 0.0028661203196482759 -0.0025520137168197807 0.0053994034954726869 0.0070551540973591721 -0.033841472057670102 -0.0098571627913777212 0.014484868687007947 -0.013152204502123037
leaf_weight=3014.641702413559 350.40102182328701 937.75208906829357 2695.0743942260742 196.12708520889282 229.11325597763062 87.684667527675629 211.6701602935791 1030.6801428794861 20.249290764331818 2270.915299654007 23.645082473754883 188.65522921085358 2558.945140838623 756.57720673084259 4711.4552202224731 40.672271728515625 1634.3428733348846 944.81293869018555 31196.743726685643 28.924375295639038 966.87497889995575 2159.1815199404955 1055.454208612442 383.18147355318069 65.682899549603462 41.017728880047798 59.082817018032074 25.570261046290398 86.069148540496826
leaf_count=8223 939 6010 9323 511 1169 177 665 2979 83 10658 56 675 7637 1928 17351 64 5411 3065 145079 73 3541 8780 3045 1089 241 81 124 67 364
internal_value=-0.00106601 0.000438425 0.00133599 -0.000134924 0.00330992 -0.00283647 0.00424437 -0.00431712 -0.0013651 -0.00115522 -0.00288452 -0.00675692 0.00036122 0.00537421 -0.000174408 -0.00191084 -0.00172367 -0.00150954 -0.00169237 0.00104552 -0.00737289 0.0015218 -0.00177816 -0.000434149 -0.00642516 -0.0120365 -0.0196851 -0.00527624 -0.00530796
internal_weight=57971.2 9613.74 7545.67 4323.74 3221.93 2068.08 2906.74 1226.81 48357.5 42488.6 5868.83 1179.18 8047.23 776.826 7270.4 4689.66 4648.98 34441.4 32141.6 2299.84 1155.53 3096.93 1854.72 1438.64 416.084 213.355 100.101 113.255 315.182
internal_count=239408 35564 29801 18280 11521 5763 9988 3490 203844 185874 17970 4272 26999 2011 24988 13698 13634 158875 148144 10731 4216 14790 5314 4134 1180 449 205 244 1533
is_linear=0
shrinkage=0.03


Tree=6
num_leaves=31
num_cat=0
split_feature=13 19 10 12 4 19 23 12 8 11 20 1 12 9 11 12 19 12 9 19 2 23 11 0 12 1 5 23 14 20
split_gain=27.2695 29.5441 22.9068 31.3183 21.0588 17.3563 16.8684 18.5471 16.7631 22.8512 25.1526 22.3289 17.61 25.3108 27.1195 23.3589 24.271 22.7986 20.3701 16.898 16.6 15.1687 13.8843 13.7839 15.7228 13.9745 13.473 11.954 12.0129 9.7773
threshold=1.129438638687134 1327.5452880859377 0.90054738521575939 1.2518527507781985 2.4460829496383671 1583.2612915039065 0.90139305591583263 0.83402064442634594 1.2907956242561343 -3.0909214019775386 -2.3003207445144649 0.11028557270765306 -0.64462870359420765 -0.79742145538330067 -0.29403434693813318 -1.3321768641471861 833.03753662109386 0.97836056351661693 -2.463035941123962 2963.380004882813 0.22280616313219073 0.88642889261245739 -2.1692693233489986 0.75054180622100841 3.1769248247146611 -0.056682135909795754 -0.667648285627365 1.2089183330535891 2.2246415615081792 0.73097965121269237
decision_type=2 2 2 2 2 2 2 2 2 2 2 2 2 2 2 2 2 2 2 2 2 2 2 2 2 2 2 2 2 2
left_child=8 4 3 26 23 -5 21 -8 12 11 -11 19 15 14 -14 18 -17 -15 -1 -10 -13 -4 -12 25 -25 -2 -3 29 -29 -6
right_child=1 2 6 5 27 -7 7 -9 9 10 22 20 13 17 -16 16 -18 -19 -20 -21 -22 -23 -24 24 -26 -27 -28 28 -30 -31
leaf_value=-0.012953279728540905 0.0014183730575587372 -0.0015262741787541861 0.0013885004051717767 0.0039930032052608345 -0.020983218491435404 -0.0057437880923268741 0.018794805772361853 0.0046128127155160006 -0.014821216955731843 0.0108935001307364 0.0036921947245718355 -0.0070291259821077647 -0.007026049431924088 -0.0013636827398722979 -0.0021783270173097429 0.0077113789634648136 0.00070069372570301738 0.0017012198751979607 -0.0011220496541099554 -0.0042822320081096947 0.025838469124839961 -0.023656098707541953 -0.003054094778093386 0.00500745919676373 -0.0088484033170689938 -0.0052685215610433732 0.0027802787259304106 0.011395617971629147 -0.014439489997617827 -0.003503577059645433
leaf_weight=133.97380638122559 398.74235583841801 937.77802313864231 1593.4684724807739 196.11469453573227 109.27120926976204 1030.7597828507423 87.792476654052734 1518.348087310791 312.38084870576859 128.0632449388504 294.53818392753601 27.043817684054375 1321.836941242218 23515.167951881886 4847.0688425153494 490.67528930306435 4716.1778271794319 2408.0100198984146 5843.2468967437744 243.77820371091366 28.303843766450882 22.06663703918457 4047.7958928346634 411.42165458202362 89.792678833007812 954.77670060098171 2159.0724254697561 33.919771730899811 31.004171848297119 39.107747465372086
leaf_count=324 1241 6010 7143 511 241 2979 306 4011 650 482 634 54 4176 116735 22001 1372 17756 8158 15736 483 70 61 15213 1094 226 2753 8780 61 67 80
internal_value=-0.00103402 0.000425289 0.00129596 -0.000130874 -0.00275143 -0.00418737 0.00321088 0.00538801 -0.00132413 -0.00295408 -0.00221005 -0.00839328 -0.00113272 -0.00148998 -0.00321707 -0.000107602 0.00136136 -0.00107898 -0.00138724 -0.0102017 0.0097788 0.00104642 -0.0025965 -0.0017248 0.00252518 -0.00329858 0.00147618 -0.0116784 -0.000941835 -0.0163762
internal_weight=57971.5 9613.44 7545.4 4323.72 2068.04 1226.87 3221.68 1606.14 48358.1 5081.9 4470.4 611.507 43276.2 32092.1 6168.91 11184.1 5206.85 25923.2 5977.22 556.159 55.3477 1615.54 4342.33 1854.73 501.214 1353.52 3096.85 213.303 64.9239 148.379
internal_count=239408 35564 29801 18280 5763 3490 11521 4317 203844 17586 16329 1257 186258 151070 26177 35188 19128 124893 16060 1133 124 7204 15847 5314 1320 3994 14790 449 128 321
is_linear=0
shrinkage=0.03


end of trees

feature_importances:
return_5=17
cvd_cumsum_10=16
cvd_cumsum_30=14
obi_est_5=14
cvd_delta=12
return_15=11
volume_ratio_5=11
realized_vol_20=9
up_vol_ratio_10=9
ofi_est_30=9
hl_range=8
volume_accel=8
return_1=7
volume_zscore_20=7
volume_zscore_50=7
close_position=7
microprice_est=7
microprice_vs_mid=6
ofi_est_10=6
cvd_slope_10=5
close_pos_zscore=5
obi_est=4
spread_proxy=3
hl_range_zscore=2
spread_zscore=2

parameters:
[boosting: gbdt]
[objective: binary]
[metric: binary_logloss]
[tree_learner: serial]
[device_type: gpu]
[data_sample_strategy: bagging]
[data: ]
[valid: ]
[num_iterations: 300]
[learning_rate: 0.03]
[num_leaves: 31]
[num_threads: 0]
[seed: 42]
[deterministic: 0]
[force_col_wise: 1]
[force_row_wise: 0]
[histogram_pool_size: -1]
[max_depth: 5]
[min_data_in_leaf: 50]
[min_sum_hessian_in_leaf: 0.001]
[bagging_fraction: 0.7]
[pos_bagging_fraction: 1]
[neg_bagging_fraction: 1]
[bagging_freq: 0]
[bagging_seed: 400]
[bagging_by_query: 0]
[feature_fraction: 0.8]
[feature_fraction_bynode: 1]
[feature_fraction_seed: 30056]
[extra_trees: 0]
[extra_seed: 12879]
[early_stopping_round: 0]
[early_stopping_min_delta: 0]
[first_metric_only: 0]
[max_delta_step: 0]
[lambda_l1: 0]
[lambda_l2: 0]
[linear_lambda: 0]
[min_gain_to_split: 0]
[drop_rate: 0.1]
[max_drop: 50]
[skip_drop: 0.5]
[xgboost_dart_mode: 0]
[uniform_drop: 0]
[drop_seed: 17869]
[top_rate: 0.2]
[other_rate: 0.1]
[min_data_per_group: 100]
[max_cat_threshold: 32]
[cat_l2: 10]
[cat_smooth: 10]
[max_cat_to_onehot: 4]
[top_k: 20]
[monotone_constraints: ]
[monotone_constraints_method: basic]
[monotone_penalty: 0]
[feature_contri: ]
[forcedsplits_filename: ]
[refit_decay_rate: 0.9]
[cegb_tradeoff: 1]
[cegb_penalty_split: 0]
[cegb_penalty_feature_lazy: ]
[cegb_penalty_feature_coupled: ]
[path_smooth: 0]
[interaction_constraints: ]
[verbosity: -1]
[saved_feature_importance_type: 0]
[use_quantized_grad: 0]
[num_grad_quant_bins: 4]
[quant_train_renew_leaf: 0]
[stochastic_rounding: 1]
[linear_tree: 0]
[max_bin: 255]
[max_bin_by_feature: ]
[min_data_in_bin: 3]
[bin_construct_sample_cnt: 200000]
[data_random_seed: 175]
[is_enable_sparse: 1]
[enable_bundle: 1]
[use_missing: 1]
[zero_as_missing: 0]
[feature_pre_filter: 1]
[pre_partition: 0]
[two_round: 0]
[header: 0]
[label_column: ]
[weight_column: ]
[group_column: ]
[ignore_column: ]
[categorical_feature: ]
[forcedbins_filename: ]
[precise_float_parser: 0]
[parser_config_file: ]
[objective_seed: 16083]
[num_class: 1]
[is_unbalance: 1]
[scale_pos_weight: 1]
[sigmoid: 1]
[boost_from_average: 1]
[reg_sqrt: 0]
[alpha: 0.9]
[fair_c: 1]
[poisson_max_delta_step: 0.7]
[tweedie_variance_power: 1.5]
[lambdarank_truncation_level: 30]
[lambdarank_norm: 1]
[label_gain: ]
[lambdarank_position_bias_regularization: 0]
[eval_at: ]
[multi_error_top_k: 1]
[auc_mu_weights: ]
[num_machines: 1]
[local_listen_port: 12400]
[time_out: 120]
[machine_list_filename: ]
[machines: ]
[gpu_platform_id: -1]
[gpu_device_id: -1]
[gpu_use_dp: 0]
[num_gpu: 1]

end of parameters

pandas_categorical:null
